0 0 -49.73653872
0 .0393599827 -49.73651086
0 .0787199654 -49.73654524
0 .1180799481 -49.73658424
0 .1574399308 -49.73659870
0 .1967999135 -49.73669342
0 .2361598962 -49.73674382
0 .2755198789 -49.73682646
0 .3148798616 -49.73694234
0 .3542398443 -49.73700746
0 .3935998270 -49.73714289
0 .4329598097 -49.73724761
0 .4723197924 -49.73734736
0 .5116797751 -49.73750453
0 .5510397578 -49.73760007
0 .5903997405 -49.73774552
0 .6297597232 -49.73788706
0 .6691197059 -49.73798333
0 .7084796886 -49.73814029
0 .7478396713 -49.73823552
0 .7871996540 -49.73834547
0 .8265596367 -49.73848058
0 .8659196194 -49.73855179
0 .9052796021 -49.73867896
0 .9446395848 -49.73876230
0 .9839995675 -49.73881790
0 1.0233595502 -49.73891421
0 1.0627195329 -49.73893301
0 1.1020795156 -49.73898755
0 1.1414394983 -49.73903339
0 1.1807994810 -49.73902647
0 1.2201594637 -49.73907190
0 1.2595194464 -49.73904808
0 1.2988794291 -49.73902559
0 1.3382394118 -49.73902297
0 1.3775993945 -49.73894997
0 1.4169593772 -49.73893039
0 1.4563193599 -49.73887076
0 1.4956793426 -49.73878166
0 1.5350393253 -49.73873424
0 1.5743993080 -49.73860867
0 1.6137592907 -49.73851628
0 1.6531192734 -49.73842177
0 1.6924792561 -49.73827883
0 1.7318392388 -49.73819831
0 1.7711992215 -49.73806012
0 1.8105592042 -49.73792956
0 1.8499191869 -49.73782822
0 1.8892791696 -49.73766150
0 1.9286391523 -49.73755679
0 1.9679991350 -49.73742900
.0393599827 0 -49.73651002
.0393599827 .0393599827 -49.73651002
.0393599827 .0787199654 -49.73653091
.0393599827 .1180799481 -49.73656307
.0393599827 .1574399308 -49.73660236
.0393599827 .1967999135 -49.73666795
.0393599827 .2361598962 -49.73673688
.0393599827 .2755198789 -49.73682006
.0393599827 .3148798616 -49.73691624
.0393599827 .3542398443 -49.73701065
.0393599827 .3935998270 -49.73712240
.0393599827 .4329598097 -49.73723350
.0393599827 .4723197924 -49.73734856
.0393599827 .5116797751 -49.73747764
.0393599827 .5510397578 -49.73759958
.0393599827 .5903997405 -49.73773200
.0393599827 .6297597232 -49.73786413
.0393599827 .6691197059 -49.73798571
.0393599827 .7084796886 -49.73811375
.0393599827 .7478396713 -49.73822690
.0393599827 .7871996540 -49.73833924
.0393599827 .8265596367 -49.73845320
.0393599827 .8659196194 -49.73855272
.0393599827 .9052796021 -49.73865608
.0393599827 .9446395848 -49.73874303
.0393599827 .9839995675 -49.73881530
.0393599827 1.0233595502 -49.73888364
.0393599827 1.0627195329 -49.73892852
.0393599827 1.1020795156 -49.73897274
.0393599827 1.1414394983 -49.73900835
.0393599827 1.1807994810 -49.73902638
.0393599827 1.2201594637 -49.73904309
.0393599827 1.2595194464 -49.73903595
.0393599827 1.2988794291 -49.73901770
.0393599827 1.3382394118 -49.73899377
.0393599827 1.3775993945 -49.73894963
.0393599827 1.4169593772 -49.73890835
.0393599827 1.4563193599 -49.73885161
.0393599827 1.4956793426 -49.73877900
.0393599827 1.5350393253 -49.73870323
.0393599827 1.5743993080 -49.73860422
.0393599827 1.6137592907 -49.73850344
.0393599827 1.6531192734 -49.73839801
.0393599827 1.6924792561 -49.73828153
.0393599827 1.7318392388 -49.73817263
.0393599827 1.7711992215 -49.73804986
.0393599827 1.8105592042 -49.73792439
.0393599827 1.8499191869 -49.73780030
.0393599827 1.8892791696 -49.73766379
.0393599827 1.9286391523 -49.73753901
.0393599827 1.9679991350 -49.73741306
.0787199654 0 -49.73652283
.0787199654 .0393599827 -49.73656013
.0787199654 .0787199654 -49.73656287
.0787199654 .1180799481 -49.73658560
.0787199654 .1574399308 -49.73665791
.0787199654 .1967999135 -49.73668437
.0787199654 .2361598962 -49.73677801
.0787199654 .2755198789 -49.73686184
.0787199654 .3148798616 -49.73693195
.0787199654 .3542398443 -49.73706520
.0787199654 .3935998270 -49.73714564
.0787199654 .4329598097 -49.73726556
.0787199654 .4723197924 -49.73740066
.0787199654 .5116797751 -49.73749147
.0787199654 .5510397578 -49.73764821
.0787199654 .5903997405 -49.73776253
.0787199654 .6297597232 -49.73788139
.0787199654 .6691197059 -49.73803572
.0787199654 .7084796886 -49.73812466
.0787199654 .7478396713 -49.73826278
.0787199654 .7871996540 -49.73837864
.0787199654 .8265596367 -49.73846333
.0787199654 .8659196194 -49.73859995
.0787199654 .9052796021 -49.73867089
.0787199654 .9446395848 -49.73876270
.0787199654 .9839995675 -49.73885611
.0787199654 1.0233595502 -49.73888685
.0787199654 1.0627195329 -49.73896810
.0787199654 1.1020795156 -49.73899802
.0787199654 1.1414394983 -49.73901946
.0787199654 1.1807994810 -49.73907064
.0787199654 1.2201594637 -49.73904815
.0787199654 1.2595194464 -49.73906360
.0787199654 1.2988794291 -49.73905188
.0787199654 1.3382394118 -49.73899925
.0787199654 1.3775993945 -49.73899485
.0787199654 1.4169593772 -49.73892367
.0787199654 1.4563193599 -49.73886996
.0787199654 1.4956793426 -49.73882054
.0787199654 1.5350393253 -49.73870680
.0787199654 1.5743993080 -49.73864375
.0787199654 1.6137592907 -49.73853280
.0787199654 1.6531192734 -49.73841368
.0787199654 1.6924792561 -49.73833275
.0787199654 1.7318392388 -49.73818520
.0787199654 1.7711992215 -49.73808283
.0787199654 1.8105592042 -49.73796494
.0787199654 1.8499191869 -49.73781117
.0787199654 1.8892791696 -49.73771566
.0787199654 1.9286391523 -49.73756482
.0787199654 1.9679991350 -49.73744205
.1180799481 0 -49.73654969
.1180799481 .0393599827 -49.73657255
.1180799481 .0787199654 -49.73658281
.1180799481 .1180799481 -49.73661082
.1180799481 .1574399308 -49.73667110
.1180799481 .1967999135 -49.73671252
.1180799481 .2361598962 -49.73679484
.1180799481 .2755198789 -49.73687725
.1180799481 .3148798616 -49.73695725
.1180799481 .3542398443 -49.73707477
.1180799481 .3935998270 -49.73716698
.1180799481 .4329598097 -49.73728384
.1180799481 .4723197924 -49.73741104
.1180799481 .5116797751 -49.73751542
.1180799481 .5510397578 -49.73765589
.1180799481 .5903997405 -49.73777439
.1180799481 .6297597232 -49.73789543
.1180799481 .6691197059 -49.73803542
.1180799481 .7084796886 -49.73813933
.1180799481 .7478396713 -49.73826851
.1180799481 .7871996540 -49.73838348
.1180799481 .8265596367 -49.73847844
.1180799481 .8659196194 -49.73859724
.1180799481 .9052796021 -49.73867681
.1180799481 .9446395848 -49.73876437
.1180799481 .9839995675 -49.73884886
.1180799481 1.0233595502 -49.73889523
.1180799481 1.0627195329 -49.73896417
.1180799481 1.1020795156 -49.73900030
.1180799481 1.1414394983 -49.73902603
.1180799481 1.1807994810 -49.73906180
.1180799481 1.2201594637 -49.73905296
.1180799481 1.2595194464 -49.73906018
.1180799481 1.2988794291 -49.73904828
.1180799481 1.3382394118 -49.73900887
.1180799481 1.3775993945 -49.73898931
.1180799481 1.4169593772 -49.73892819
.1180799481 1.4563193599 -49.73887172
.1180799481 1.4956793426 -49.73881315
.1180799481 1.5350393253 -49.73871562
.1180799481 1.5743993080 -49.73864193
.1180799481 1.6137592907 -49.73853892
.1180799481 1.6531192734 -49.73842746
.1180799481 1.6924792561 -49.73833294
.1180799481 1.7318392388 -49.73819952
.1180799481 1.7711992215 -49.73808893
.1180799481 1.8105592042 -49.73796893
.1180799481 1.8499191869 -49.73782914
.1180799481 1.8892791696 -49.73772055
.1180799481 1.9286391523 -49.73758286
.1180799481 1.9679991350 -49.73746106
.1574399308 0 -49.73662327
.1574399308 .0393599827 -49.73660516
.1574399308 .0787199654 -49.73663701
.1574399308 .1180799481 -49.73667702
.1574399308 .1574399308 -49.73670081
.1574399308 .1967999135 -49.73678489
.1574399308 .2361598962 -49.73683716
.1574399308 .2755198789 -49.73691733
.1574399308 .3148798616 -49.73702598
.1574399308 .3542398443 -49.73709771
.1574399308 .3935998270 -49.73722418
.1574399308 .4329598097 -49.73733087
.1574399308 .4723197924 -49.73743441
.1574399308 .5116797751 -49.73757950
.1574399308 .5510397578 -49.73767707
.1574399308 .5903997405 -49.73781142
.1574399308 .6297597232 -49.73794263
.1574399308 .6691197059 -49.73804287
.1574399308 .7084796886 -49.73819054
.1574399308 .7478396713 -49.73829224
.1574399308 .7871996540 -49.73840356
.1574399308 .8265596367 -49.73852946
.1574399308 .8659196194 -49.73860121
.1574399308 .9052796021 -49.73871184
.1574399308 .9446395848 -49.73879016
.1574399308 .9839995675 -49.73884926
.1574399308 1.0233595502 -49.73893940
.1574399308 1.0627195329 -49.73896997
.1574399308 1.1020795156 -49.73902319
.1574399308 1.1414394983 -49.73906368
.1574399308 1.1807994810 -49.73905944
.1574399308 1.2201594637 -49.73909281
.1574399308 1.2595194464 -49.73907528
.1574399308 1.2988794291 -49.73905875
.1574399308 1.3382394118 -49.73905361
.1574399308 1.3775993945 -49.73898954
.1574399308 1.4169593772 -49.73896006
.1574399308 1.4563193599 -49.73889789
.1574399308 1.4956793426 -49.73881318
.1574399308 1.5350393253 -49.73876113
.1574399308 1.5743993080 -49.73865160
.1574399308 1.6137592907 -49.73856594
.1574399308 1.6531192734 -49.73847398
.1574399308 1.6924792561 -49.73833954
.1574399308 1.7318392388 -49.73824909
.1574399308 1.7711992215 -49.73811533
.1574399308 1.8105592042 -49.73798806
.1574399308 1.8499191869 -49.73788582
.1574399308 1.8892791696 -49.73773587
.1574399308 1.9286391523 -49.73763166
.1574399308 1.9679991350 -49.73750947
.1967999135 0 -49.73668259
.1967999135 .0393599827 -49.73666424
.1967999135 .0787199654 -49.73669762
.1967999135 .1180799481 -49.73673790
.1967999135 .1574399308 -49.73676064
.1967999135 .1967999135 -49.73684403
.1967999135 .2361598962 -49.73689426
.1967999135 .2755198789 -49.73697237
.1967999135 .3148798616 -49.73707938
.1967999135 .3542398443 -49.73714781
.1967999135 .3935998270 -49.73727252
.1967999135 .4329598097 -49.73737668
.1967999135 .4723197924 -49.73747732
.1967999135 .5116797751 -49.73762106
.1967999135 .5510397578 -49.73771575
.1967999135 .5903997405 -49.73784799
.1967999135 .6297597232 -49.73797717
.1967999135 .6691197059 -49.73807413
.1967999135 .7084796886 -49.73822123
.1967999135 .7478396713 -49.73832241
.1967999135 .7871996540 -49.73843273
.1967999135 .8265596367 -49.73855768
.1967999135 .8659196194 -49.73862598
.1967999135 .9052796021 -49.73873391
.1967999135 .9446395848 -49.73880900
.1967999135 .9839995675 -49.73886682
.1967999135 1.0233595502 -49.73895823
.1967999135 1.0627195329 -49.73898878
.1967999135 1.1020795156 -49.73904273
.1967999135 1.1414394983 -49.73908342
.1967999135 1.1807994810 -49.73907798
.1967999135 1.2201594637 -49.73911181
.1967999135 1.2595194464 -49.73909394
.1967999135 1.2988794291 -49.73907771
.1967999135 1.3382394118 -49.73907355
.1967999135 1.3775993945 -49.73900849
.1967999135 1.4169593772 -49.73897902
.1967999135 1.4563193599 -49.73891610
.1967999135 1.4956793426 -49.73883083
.1967999135 1.5350393253 -49.73878158
.1967999135 1.5743993080 -49.73867508
.1967999135 1.6137592907 -49.73859259
.1967999135 1.6531192734 -49.73850283
.1967999135 1.6924792561 -49.73836893
.1967999135 1.7318392388 -49.73827981
.1967999135 1.7711992215 -49.73814600
.1967999135 1.8105592042 -49.73802087
.1967999135 1.8499191869 -49.73792161
.1967999135 1.8892791696 -49.73777327
.1967999135 1.9286391523 -49.73767191
.1967999135 1.9679991350 -49.73755181
.2361598962 0 -49.73672449
.2361598962 .0393599827 -49.73674700
.2361598962 .0787199654 -49.73675999
.2361598962 .1180799481 -49.73678860
.2361598962 .1574399308 -49.73684666
.2361598962 .1967999135 -49.73688512
.2361598962 .2361598962 -49.73696274
.2361598962 .2755198789 -49.73703964
.2361598962 .3148798616 -49.73711372
.2361598962 .3542398443 -49.73722372
.2361598962 .3935998270 -49.73731026
.2361598962 .4329598097 -49.73741923
.2361598962 .4723197924 -49.73753889
.2361598962 .5116797751 -49.73763813
.2361598962 .5510397578 -49.73777123
.2361598962 .5903997405 -49.73788310
.2361598962 .6297597232 -49.73799667
.2361598962 .6691197059 -49.73812944
.2361598962 .7084796886 -49.73823093
.2361598962 .7478396713 -49.73835701
.2361598962 .7871996540 -49.73846880
.2361598962 .8265596367 -49.73855991
.2361598962 .8659196194 -49.73867079
.2361598962 .9052796021 -49.73874187
.2361598962 .9446395848 -49.73882092
.2361598962 .9839995675 -49.73890106
.2361598962 1.0233595502 -49.73894895
.2361598962 1.0627195329 -49.73901895
.2361598962 1.1020795156 -49.73905680
.2361598962 1.1414394983 -49.73908227
.2361598962 1.1807994810 -49.73911590
.2361598962 1.2201594637 -49.73910686
.2361598962 1.2595194464 -49.73911407
.2361598962 1.2988794291 -49.73910326
.2361598962 1.3382394118 -49.73906576
.2361598962 1.3775993945 -49.73904487
.2361598962 1.4169593772 -49.73898251
.2361598962 1.4563193599 -49.73892447
.2361598962 1.4956793426 -49.73886657
.2361598962 1.5350393253 -49.73877650
.2361598962 1.5743993080 -49.73871114
.2361598962 1.6137592907 -49.73861673
.2361598962 1.6531192734 -49.73851134
.2361598962 1.6924792561 -49.73841965
.2361598962 1.7318392388 -49.73828977
.2361598962 1.7711992215 -49.73818138
.2361598962 1.8105592042 -49.73806605
.2361598962 1.8499191869 -49.73793436
.2361598962 1.8892791696 -49.73783251
.2361598962 1.9286391523 -49.73770214
.2361598962 1.9679991350 -49.73758631
.2755198789 0 -49.73681119
.2755198789 .0393599827 -49.73684908
.2755198789 .0787199654 -49.73685369
.2755198789 .1180799481 -49.73687688
.2755198789 .1574399308 -49.73694685
.2755198789 .1967999135 -49.73696744
.2755198789 .2361598962 -49.73705416
.2755198789 .2755198789 -49.73712960
.2755198789 .3148798616 -49.73719017
.2755198789 .3542398443 -49.73731484
.2755198789 .3935998270 -49.73738520
.2755198789 .4329598097 -49.73749355
.2755198789 .4723197924 -49.73761721
.2755198789 .5116797751 -49.73769772
.2755198789 .5510397578 -49.73784415
.2755198789 .5903997405 -49.73794674
.2755198789 .6297597232 -49.73805275
.2755198789 .6691197059 -49.73819723
.2755198789 .7084796886 -49.73827927
.2755198789 .7478396713 -49.73841252
.2755198789 .7871996540 -49.73852306
.2755198789 .8265596367 -49.73859995
.2755198789 .8659196194 -49.73872578
.2755198789 .9052796021 -49.73878268
.2755198789 .9446395848 -49.73886211
.2755198789 .9839995675 -49.73894898
.2755198789 1.0233595502 -49.73897907
.2755198789 1.0627195329 -49.73906268
.2755198789 1.1020795156 -49.73909347
.2755198789 1.1414394983 -49.73911310
.2755198789 1.1807994810 -49.73916118
.2755198789 1.2201594637 -49.73913603
.2755198789 1.2595194464 -49.73915252
.2755198789 1.2988794291 -49.73914410
.2755198789 1.3382394118 -49.73909403
.2755198789 1.3775993945 -49.73909020
.2755198789 1.4169593772 -49.73901697
.2755198789 1.4563193599 -49.73896188
.2755198789 1.4956793426 -49.73891593
.2755198789 1.5350393253 -49.73881182
.2755198789 1.5743993080 -49.73876284
.2755198789 1.6137592907 -49.73866444
.2755198789 1.6531192734 -49.73855453
.2755198789 1.6924792561 -49.73848006
.2755198789 1.7318392388 -49.73833715
.2755198789 1.7711992215 -49.73824063
.2755198789 1.8105592042 -49.73813084
.2755198789 1.8499191869 -49.73798885
.2755198789 1.8892791696 -49.73790599
.2755198789 1.9286391523 -49.73776602
.2755198789 1.9679991350 -49.73765334
.3148798616 0 -49.73690899
.3148798616 .0393599827 -49.73691036
.3148798616 .0787199654 -49.73693194
.3148798616 .1180799481 -49.73696275
.3148798616 .1574399308 -49.73699890
.3148798616 .1967999135 -49.73705560
.3148798616 .2361598962 -49.73711443
.3148798616 .2755198789 -49.73718708
.3148798616 .3148798616 -49.73727277
.3148798616 .3542398443 -49.73735695
.3148798616 .3935998270 -49.73745550
.3148798616 .4329598097 -49.73755315
.3148798616 .4723197924 -49.73765352
.3148798616 .5116797751 -49.73776696
.3148798616 .5510397578 -49.73787503
.3148798616 .5903997405 -49.73799088
.3148798616 .6297597232 -49.73810569
.3148798616 .6691197059 -49.73821367
.3148798616 .7084796886 -49.73832969
.3148798616 .7478396713 -49.73843519
.3148798616 .7871996540 -49.73853962
.3148798616 .8265596367 -49.73864230
.3148798616 .8659196194 -49.73872783
.3148798616 .9052796021 -49.73881346
.3148798616 .9446395848 -49.73888583
.3148798616 .9839995675 -49.73894923
.3148798616 1.0233595502 -49.73901394
.3148798616 1.0627195329 -49.73906106
.3148798616 1.1020795156 -49.73910469
.3148798616 1.1414394983 -49.73913670
.3148798616 1.1807994810 -49.73915048
.3148798616 1.2201594637 -49.73916277
.3148798616 1.2595194464 -49.73915748
.3148798616 1.2988794291 -49.73914419
.3148798616 1.3382394118 -49.73912396
.3148798616 1.3775993945 -49.73908267
.3148798616 1.4169593772 -49.73903937
.3148798616 1.4563193599 -49.73898278
.3148798616 1.4956793426 -49.73891684
.3148798616 1.5350393253 -49.73885246
.3148798616 1.5743993080 -49.73877071
.3148798616 1.6137592907 -49.73868602
.3148798616 1.6531192734 -49.73859312
.3148798616 1.6924792561 -49.73848625
.3148798616 1.7318392388 -49.73838421
.3148798616 1.7711992215 -49.73827160
.3148798616 1.8105592042 -49.73815880
.3148798616 1.8499191869 -49.73805018
.3148798616 1.8892791696 -49.73793141
.3148798616 1.9286391523 -49.73782135
.3148798616 1.9679991350 -49.73770994
.3542398443 0 -49.73704610
.3542398443 .0393599827 -49.73701876
.3542398443 .0787199654 -49.73705278
.3542398443 .1180799481 -49.73708991
.3542398443 .1574399308 -49.73709854
.3542398443 .1967999135 -49.73718192
.3542398443 .2361598962 -49.73721797
.3542398443 .2755198789 -49.73728814
.3542398443 .3148798616 -49.73739265
.3542398443 .3542398443 -49.73744453
.3542398443 .3935998270 -49.73756472
.3542398443 .4329598097 -49.73765310
.3542398443 .4723197924 -49.73773483
.3542398443 .5116797751 -49.73787285
.3542398443 .5510397578 -49.73794907
.3542398443 .5903997405 -49.73807449
.3542398443 .6297597232 -49.73819525
.3542398443 .6691197059 -49.73827334
.3542398443 .7084796886 -49.73841453
.3542398443 .7478396713 -49.73849656
.3542398443 .7871996540 -49.73859503
.3542398443 .8265596367 -49.73871710
.3542398443 .8659196194 -49.73877079
.3542398443 .9052796021 -49.73887869
.3542398443 .9446395848 -49.73894560
.3542398443 .9839995675 -49.73899070
.3542398443 1.0233595502 -49.73908216
.3542398443 1.0627195329 -49.73910010
.3542398443 1.1020795156 -49.73915268
.3542398443 1.1414394983 -49.73919341
.3542398443 1.1807994810 -49.73917975
.3542398443 1.2201594637 -49.73922167
.3542398443 1.2595194464 -49.73919909
.3542398443 1.2988794291 -49.73918223
.3542398443 1.3382394118 -49.73918591
.3542398443 1.3775993945 -49.73911646
.3542398443 1.4169593772 -49.73909767
.3542398443 1.4563193599 -49.73904050
.3542398443 1.4956793426 -49.73895891
.3542398443 1.5350393253 -49.73892516
.3542398443 1.5743993080 -49.73881800
.3542398443 1.6137592907 -49.73874446
.3542398443 1.6531192734 -49.73866534
.3542398443 1.6924792561 -49.73853409
.3542398443 1.7318392388 -49.73846558
.3542398443 1.7711992215 -49.73834193
.3542398443 1.8105592042 -49.73822823
.3542398443 1.8499191869 -49.73814672
.3542398443 1.8892791696 -49.73800059
.3542398443 1.9286391523 -49.73791544
.3542398443 1.9679991350 -49.73780688
.3935998270 0 -49.73712184
.3935998270 .0393599827 -49.73712095
.3935998270 .0787199654 -49.73714087
.3935998270 .1180799481 -49.73716968
.3935998270 .1574399308 -49.73719955
.3935998270 .1967999135 -49.73725147
.3935998270 .2361598962 -49.73730238
.3935998270 .2755198789 -49.73737014
.3935998270 .3148798616 -49.73745314
.3935998270 .3542398443 -49.73753067
.3935998270 .3935998270 -49.73762561
.3935998270 .4329598097 -49.73771679
.3935998270 .4723197924 -49.73780877
.3935998270 .5116797751 -49.73791541
.3935998270 .5510397578 -49.73801241
.3935998270 .5903997405 -49.73812205
.3935998270 .6297597232 -49.73823106
.3935998270 .6691197059 -49.73832942
.3935998270 .7084796886 -49.73843793
.3935998270 .7478396713 -49.73853197
.3935998270 .7871996540 -49.73862849
.3935998270 .8265596367 -49.73872721
.3935998270 .8659196194 -49.73880690
.3935998270 .9052796021 -49.73889170
.3935998270 .9446395848 -49.73896213
.3935998270 .9839995675 -49.73902171
.3935998270 1.0233595502 -49.73908404
.3935998270 1.0627195329 -49.73912392
.3935998270 1.1020795156 -49.73916357
.3935998270 1.1414394983 -49.73919280
.3935998270 1.1807994810 -49.73920241
.3935998270 1.2201594637 -49.73921619
.3935998270 1.2595194464 -49.73920977
.3935998270 1.2988794291 -49.73919766
.3935998270 1.3382394118 -49.73918194
.3935998270 1.3775993945 -49.73914268
.3935998270 1.4169593772 -49.73910614
.3935998270 1.4563193599 -49.73905450
.3935998270 1.4956793426 -49.73899082
.3935998270 1.5350393253 -49.73893049
.3935998270 1.5743993080 -49.73884868
.3935998270 1.6137592907 -49.73876781
.3935998270 1.6531192734 -49.73868021
.3935998270 1.6924792561 -49.73857805
.3935998270 1.7318392388 -49.73848720
.3935998270 1.7711992215 -49.73838364
.3935998270 1.8105592042 -49.73827928
.3935998270 1.8499191869 -49.73817923
.3935998270 1.8892791696 -49.73806473
.3935998270 1.9286391523 -49.73796436
.3935998270 1.9679991350 -49.73786236
.4329598097 0 -49.73723060
.4329598097 .0393599827 -49.73726680
.4329598097 .0787199654 -49.73726862
.4329598097 .1180799481 -49.73728647
.4329598097 .1574399308 -49.73734789
.4329598097 .1967999135 -49.73735723
.4329598097 .2361598962 -49.73743027
.4329598097 .2755198789 -49.73749520
.4329598097 .3148798616 -49.73754762
.4329598097 .3542398443 -49.73766209
.4329598097 .3935998270 -49.73772156
.4329598097 .4329598097 -49.73781717
.4329598097 .4723197924 -49.73792519
.4329598097 .5116797751 -49.73798911
.4329598097 .5510397578 -49.73811762
.4329598097 .5903997405 -49.73820615
.4329598097 .6297597232 -49.73829939
.4329598097 .6691197059 -49.73842764
.4329598097 .7084796886 -49.73849194
.4329598097 .7478396713 -49.73860551
.4329598097 .7871996540 -49.73869990
.4329598097 .8265596367 -49.73876577
.4329598097 .8659196194 -49.73888248
.4329598097 .9052796021 -49.73893439
.4329598097 .9446395848 -49.73900949
.4329598097 .9839995675 -49.73908944
.4329598097 1.0233595502 -49.73911082
.4329598097 1.0627195329 -49.73918400
.4329598097 1.1020795156 -49.73920649
.4329598097 1.1414394983 -49.73921995
.4329598097 1.1807994810 -49.73926350
.4329598097 1.2201594637 -49.73923775
.4329598097 1.2595194464 -49.73925435
.4329598097 1.2988794291 -49.73924820
.4329598097 1.3382394118 -49.73920394
.4329598097 1.3775993945 -49.73920694
.4329598097 1.4169593772 -49.73914346
.4329598097 1.4563193599 -49.73909836
.4329598097 1.4956793426 -49.73906000
.4329598097 1.5350393253 -49.73896174
.4329598097 1.5743993080 -49.73891639
.4329598097 1.6137592907 -49.73882535
.4329598097 1.6531192734 -49.73872549
.4329598097 1.6924792561 -49.73866413
.4329598097 1.7318392388 -49.73854015
.4329598097 1.7711992215 -49.73846229
.4329598097 1.8105592042 -49.73836979
.4329598097 1.8499191869 -49.73824217
.4329598097 1.8892791696 -49.73817181
.4329598097 1.9286391523 -49.73804833
.4329598097 1.9679991350 -49.73795316
.4723197924 0 -49.73734694
.4723197924 .0393599827 -49.73737041
.4723197924 .0787199654 -49.73737847
.4723197924 .1180799481 -49.73739902
.4723197924 .1574399308 -49.73744729
.4723197924 .1967999135 -49.73746836
.4723197924 .2361598962 -49.73752965
.4723197924 .2755198789 -49.73758992
.4723197924 .3148798616 -49.73764772
.4723197924 .3542398443 -49.73774430
.4723197924 .3935998270 -49.73781161
.4723197924 .4329598097 -49.73789980
.4723197924 .4723197924 -49.73799648
.4723197924 .5116797751 -49.73806887
.4723197924 .5510397578 -49.73818030
.4723197924 .5903997405 -49.73826956
.4723197924 .6297597232 -49.73836193
.4723197924 .6691197059 -49.73847385
.4723197924 .7084796886 -49.73854765
.4723197924 .7478396713 -49.73864848
.4723197924 .7871996540 -49.73873632
.4723197924 .8265596367 -49.73880665
.4723197924 .8659196194 -49.73890493
.4723197924 .9052796021 -49.73896481
.4723197924 .9446395848 -49.73903551
.4723197924 .9839995675 -49.73910515
.4723197924 1.0233595502 -49.73913801
.4723197924 1.0627195329 -49.73919665
.4723197924 1.1020795156 -49.73922207
.4723197924 1.1414394983 -49.73923841
.4723197924 1.1807994810 -49.73926885
.4723197924 1.2201594637 -49.73925610
.4723197924 1.2595194464 -49.73926490
.4723197924 1.2988794291 -49.73925770
.4723197924 1.3382394118 -49.73922544
.4723197924 1.3775993945 -49.73921662
.4723197924 1.4169593772 -49.73916554
.4723197924 1.4563193599 -49.73912091
.4723197924 1.4956793426 -49.73907680
.4723197924 1.5350393253 -49.73899491
.4723197924 1.5743993080 -49.73893965
.4723197924 1.6137592907 -49.73885662
.4723197924 1.6531192734 -49.73876744
.4723197924 1.6924792561 -49.73869928
.4723197924 1.7318392388 -49.73859332
.4723197924 1.7711992215 -49.73851231
.4723197924 1.8105592042 -49.73842171
.4723197924 1.8499191869 -49.73830963
.4723197924 1.8892791696 -49.73823060
.4723197924 1.9286391523 -49.73812151
.4723197924 1.9679991350 -49.73803029
.5116797751 0 -49.73749832
.5116797751 .0393599827 -49.73748053
.5116797751 .0787199654 -49.73750894
.5116797751 .1180799481 -49.73753984
.5116797751 .1574399308 -49.73754973
.5116797751 .1967999135 -49.73761453
.5116797751 .2361598962 -49.73764476
.5116797751 .2755198789 -49.73769991
.5116797751 .3148798616 -49.73778332
.5116797751 .3542398443 -49.73783055
.5116797751 .3935998270 -49.73792926
.5116797751 .4329598097 -49.73800437
.5116797751 .4723197924 -49.73807425
.5116797751 .5116797751 -49.73818482
.5116797751 .5510397578 -49.73825039
.5116797751 .5903997405 -49.73835306
.5116797751 .6297597232 -49.73845310
.5116797751 .6691197059 -49.73852196
.5116797751 .7084796886 -49.73863577
.5116797751 .7478396713 -49.73870509
.5116797751 .7871996540 -49.73878470
.5116797751 .8265596367 -49.73888120
.5116797751 .8659196194 -49.73892942
.5116797751 .9052796021 -49.73901906
.5116797751 .9446395848 -49.73907881
.5116797751 .9839995675 -49.73912090
.5116797751 1.0233595502 -49.73919426
.5116797751 1.0627195329 -49.73921089
.5116797751 1.1020795156 -49.73925093
.5116797751 1.1414394983 -49.73928137
.5116797751 1.1807994810 -49.73927176
.5116797751 1.2201594637 -49.73930230
.5116797751 1.2595194464 -49.73928587
.5116797751 1.2988794291 -49.73927335
.5116797751 1.3382394118 -49.73927568
.5116797751 1.3775993945 -49.73922380
.5116797751 1.4169593772 -49.73920773
.5116797751 1.4563193599 -49.73916087
.5116797751 1.4956793426 -49.73909332
.5116797751 1.5350393253 -49.73905875
.5116797751 1.5743993080 -49.73896923
.5116797751 1.6137592907 -49.73890537
.5116797751 1.6531192734 -49.73883971
.5116797751 1.6924792561 -49.73873648
.5116797751 1.7318392388 -49.73867792
.5116797751 1.7711992215 -49.73857755
.5116797751 1.8105592042 -49.73848318
.5116797751 1.8499191869 -49.73841174
.5116797751 1.8892791696 -49.73829341
.5116797751 1.9286391523 -49.73822071
.5116797751 1.9679991350 -49.73813197
.5510397578 0 -49.73762698
.5510397578 .0393599827 -49.73760690
.5510397578 .0787199654 -49.73763535
.5510397578 .1180799481 -49.73766599
.5510397578 .1574399308 -49.73767336
.5510397578 .1967999135 -49.73773914
.5510397578 .2361598962 -49.73776627
.5510397578 .2755198789 -49.73781832
.5510397578 .3148798616 -49.73789798
.5510397578 .3542398443 -49.73793696
.5510397578 .3935998270 -49.73803176
.5510397578 .4329598097 -49.73810185
.5510397578 .4723197924 -49.73816683
.5510397578 .5116797751 -49.73827572
.5510397578 .5510397578 -49.73833474
.5510397578 .5903997405 -49.73843236
.5510397578 .6297597232 -49.73852697
.5510397578 .6691197059 -49.73858869
.5510397578 .7084796886 -49.73869995
.5510397578 .7478396713 -49.73876349
.5510397578 .7871996540 -49.73883817
.5510397578 .8265596367 -49.73893147
.5510397578 .8659196194 -49.73897295
.5510397578 .9052796021 -49.73905906
.5510397578 .9446395848 -49.73911323
.5510397578 .9839995675 -49.73914992
.5510397578 1.0233595502 -49.73922241
.5510397578 1.0627195329 -49.73923492
.5510397578 1.1020795156 -49.73927429
.5510397578 1.1414394983 -49.73930489
.5510397578 1.1807994810 -49.73929362
.5510397578 1.2201594637 -49.73932671
.5510397578 1.2595194464 -49.73930887
.5510397578 1.2988794291 -49.73929564
.5510397578 1.3382394118 -49.73929968
.5510397578 1.3775993945 -49.73924678
.5510397578 1.4169593772 -49.73923398
.5510397578 1.4563193599 -49.73918964
.5510397578 1.4956793426 -49.73912419
.5510397578 1.5350393253 -49.73909652
.5510397578 1.5743993080 -49.73901069
.5510397578 1.6137592907 -49.73895227
.5510397578 1.6531192734 -49.73889195
.5510397578 1.6924792561 -49.73879172
.5510397578 1.7318392388 -49.73873979
.5510397578 1.7711992215 -49.73864284
.5510397578 1.8105592042 -49.73855299
.5510397578 1.8499191869 -49.73848890
.5510397578 1.8892791696 -49.73837458
.5510397578 1.9286391523 -49.73830897
.5510397578 1.9679991350 -49.73822389
.5903997405 0 -49.73772454
.5903997405 .0393599827 -49.73774429
.5903997405 .0787199654 -49.73775088
.5903997405 .1180799481 -49.73776907
.5903997405 .1574399308 -49.73781204
.5903997405 .1967999135 -49.73783279
.5903997405 .2361598962 -49.73788693
.5903997405 .2755198789 -49.73793659
.5903997405 .3148798616 -49.73797997
.5903997405 .3542398443 -49.73805634
.5903997405 .3935998270 -49.73811009
.5903997405 .4329598097 -49.73818449
.5903997405 .4723197924 -49.73826808
.5903997405 .5116797751 -49.73833090
.5903997405 .5510397578 -49.73842531
.5903997405 .5903997405 -49.73849875
.5903997405 .6297597232 -49.73857366
.5903997405 .6691197059 -49.73866677
.5903997405 .7084796886 -49.73872934
.5903997405 .7478396713 -49.73881500
.5903997405 .7871996540 -49.73888901
.5903997405 .8265596367 -49.73894670
.5903997405 .8659196194 -49.73902813
.5903997405 .9052796021 -49.73907567
.5903997405 .9446395848 -49.73913163
.5903997405 .9839995675 -49.73918823
.5903997405 1.0233595502 -49.73921440
.5903997405 1.0627195329 -49.73926348
.5903997405 1.1020795156 -49.73928554
.5903997405 1.1414394983 -49.73930129
.5903997405 1.1807994810 -49.73932960
.5903997405 1.2201594637 -49.73932061
.5903997405 1.2595194464 -49.73932736
.5903997405 1.2988794291 -49.73931893
.5903997405 1.3382394118 -49.73928923
.5903997405 1.3775993945 -49.73928047
.5903997405 1.4169593772 -49.73923729
.5903997405 1.4563193599 -49.73920059
.5903997405 1.4956793426 -49.73916522
.5903997405 1.5350393253 -49.73909901
.5903997405 1.5743993080 -49.73905622
.5903997405 1.6137592907 -49.73898811
.5903997405 1.6531192734 -49.73891452
.5903997405 1.6924792561 -49.73885801
.5903997405 1.7318392388 -49.73876818
.5903997405 1.7711992215 -49.73869925
.5903997405 1.8105592042 -49.73862303
.5903997405 1.8499191869 -49.73853104
.5903997405 1.8892791696 -49.73846717
.5903997405 1.9286391523 -49.73837562
.5903997405 1.9679991350 -49.73829754
.6297597232 0 -49.73785944
.6297597232 .0393599827 -49.73789457
.6297597232 .0787199654 -49.73789054
.6297597232 .1180799481 -49.73790184
.6297597232 .1574399308 -49.73795759
.6297597232 .1967999135 -49.73795912
.6297597232 .2361598962 -49.73802237
.6297597232 .2755198789 -49.73806857
.6297597232 .3148798616 -49.73809481
.6297597232 .3542398443 -49.73818252
.6297597232 .3935998270 -49.73821553
.6297597232 .4329598097 -49.73828883
.6297597232 .4723197924 -49.73837720
.6297597232 .5116797751 -49.73841872
.6297597232 .5510397578 -49.73852406
.6297597232 .5903997405 -49.73858380
.6297597232 .6297597232 -49.73864644
.6297597232 .6691197059 -49.73874776
.6297597232 .7084796886 -49.73878672
.6297597232 .7478396713 -49.73887855
.6297597232 .7871996540 -49.73895008
.6297597232 .8265596367 -49.73899152
.6297597232 .8659196194 -49.73908687
.6297597232 .9052796021 -49.73911663
.6297597232 .9446395848 -49.73917133
.6297597232 .9839995675 -49.73923344
.6297597232 1.0233595502 -49.73923864
.6297597232 1.0627195329 -49.73930074
.6297597232 1.1020795156 -49.73931557
.6297597232 1.1414394983 -49.73932593
.6297597232 1.1807994810 -49.73937032
.6297597232 1.2201594637 -49.73934390
.6297597232 1.2595194464 -49.73936082
.6297597232 1.2988794291 -49.73935454
.6297597232 1.3382394118 -49.73931072
.6297597232 1.3775993945 -49.73931955
.6297597232 1.4169593772 -49.73926524
.6297597232 1.4563193599 -49.73923373
.6297597232 1.4956793426 -49.73921277
.6297597232 1.5350393253 -49.73913322
.6297597232 1.5743993080 -49.73910995
.6297597232 1.6137592907 -49.73904026
.6297597232 1.6531192734 -49.73896321
.6297597232 1.6924792561 -49.73892624
.6297597232 1.7318392388 -49.73882360
.6297597232 1.7711992215 -49.73876946
.6297597232 1.8105592042 -49.73870306
.6297597232 1.8499191869 -49.73860406
.6297597232 1.8892791696 -49.73856476
.6297597232 1.9286391523 -49.73846668
.6297597232 1.9679991350 -49.73839413
.6691197059 0 -49.73799335
.6691197059 .0393599827 -49.73799189
.6691197059 .0787199654 -49.73800294
.6691197059 .1180799481 -49.73802142
.6691197059 .1574399308 -49.73804316
.6691197059 .1967999135 -49.73808033
.6691197059 .2361598962 -49.73811569
.6691197059 .2755198789 -49.73815690
.6691197059 .3148798616 -49.73820445
.6691197059 .3542398443 -49.73824833
.6691197059 .3935998270 -49.73830536
.6691197059 .4329598097 -49.73836551
.6691197059 .4723197924 -49.73843009
.6691197059 .5116797751 -49.73850300
.6691197059 .5510397578 -49.73856755
.6691197059 .5903997405 -49.73863618
.6691197059 .6297597232 -49.73870289
.6691197059 .6691197059 -49.73876433
.6691197059 .7084796886 -49.73883418
.6691197059 .7478396713 -49.73889803
.6691197059 .7871996540 -49.73896267
.6691197059 .8265596367 -49.73902800
.6691197059 .8659196194 -49.73908182
.6691197059 .9052796021 -49.73913672
.6691197059 .9446395848 -49.73918227
.6691197059 .9839995675 -49.73921963
.6691197059 1.0233595502 -49.73925786
.6691197059 1.0627195329 -49.73928368
.6691197059 1.1020795156 -49.73931147
.6691197059 1.1414394983 -49.73933440
.6691197059 1.1807994810 -49.73934510
.6691197059 1.2201594637 -49.73935567
.6691197059 1.2595194464 -49.73935110
.6691197059 1.2988794291 -49.73934002
.6691197059 1.3382394118 -49.73932510
.6691197059 1.3775993945 -49.73929669
.6691197059 1.4169593772 -49.73927188
.6691197059 1.4563193599 -49.73923971
.6691197059 1.4956793426 -49.73920052
.6691197059 1.5350393253 -49.73916173
.6691197059 1.5743993080 -49.73910906
.6691197059 1.6137592907 -49.73905556
.6691197059 1.6531192734 -49.73899660
.6691197059 1.6924792561 -49.73892929
.6691197059 1.7318392388 -49.73886733
.6691197059 1.7711992215 -49.73879876
.6691197059 1.8105592042 -49.73873272
.6691197059 1.8499191869 -49.73867109
.6691197059 1.8892791696 -49.73860083
.6691197059 1.9286391523 -49.73853593
.6691197059 1.9679991350 -49.73846683
.7084796886 0 -49.73815726
.7084796886 .0393599827 -49.73812625
.7084796886 .0787199654 -49.73814991
.7084796886 .1180799481 -49.73817399
.7084796886 .1574399308 -49.73816771
.7084796886 .1967999135 -49.73823284
.7084796886 .2361598962 -49.73824455
.7084796886 .2755198789 -49.73828145
.7084796886 .3148798616 -49.73834556
.7084796886 .3542398443 -49.73835282
.7084796886 .3935998270 -49.73842899
.7084796886 .4329598097 -49.73847721
.7084796886 .4723197924 -49.73852044
.7084796886 .5116797751 -49.73861687
.7084796886 .5510397578 -49.73864671
.7084796886 .5903997405 -49.73872138
.7084796886 .6297597232 -49.73879006
.7084796886 .6691197059 -49.73881793
.7084796886 .7084796886 -49.73891205
.7084796886 .7478396713 -49.73895138
.7084796886 .7871996540 -49.73900862
.7084796886 .8265596367 -49.73909189
.7084796886 .8659196194 -49.73911034
.7084796886 .9052796021 -49.73918512
.7084796886 .9446395848 -49.73922187
.7084796886 .9839995675 -49.73923835
.7084796886 1.0233595502 -49.73930296
.7084796886 1.0627195329 -49.73929840
.7084796886 1.1020795156 -49.73933607
.7084796886 1.1414394983 -49.73936891
.7084796886 1.1807994810 -49.73935186
.7084796886 1.2201594637 -49.73939240
.7084796886 1.2595194464 -49.73937029
.7084796886 1.2988794291 -49.73935555
.7084796886 1.3382394118 -49.73936474
.7084796886 1.3775993945 -49.73930617
.7084796886 1.4169593772 -49.73930653
.7084796886 1.4563193599 -49.73927429
.7084796886 1.4956793426 -49.73922070
.7084796886 1.5350393253 -49.73921623
.7084796886 1.5743993080 -49.73914076
.7084796886 1.6137592907 -49.73910134
.7084796886 1.6531192734 -49.73905897
.7084796886 1.6924792561 -49.73896808
.7084796886 1.7318392388 -49.73894136
.7084796886 1.7711992215 -49.73886245
.7084796886 1.8105592042 -49.73879766
.7084796886 1.8499191869 -49.73876757
.7084796886 1.8892791696 -49.73867323
.7084796886 1.9286391523 -49.73863683
.7084796886 1.9679991350 -49.73857241
.7478396713 0 -49.73825008
.7478396713 .0393599827 -49.73824472
.7478396713 .0787199654 -49.73825576
.7478396713 .1180799481 -49.73827138
.7478396713 .1574399308 -49.73828546
.7478396713 .1967999135 -49.73832035
.7478396713 .2361598962 -49.73834573
.7478396713 .2755198789 -49.73837899
.7478396713 .3148798616 -49.73842020
.7478396713 .3542398443 -49.73845029
.7478396713 .3935998270 -49.73850019
.7478396713 .4329598097 -49.73854782
.7478396713 .4723197924 -49.73859813
.7478396713 .5116797751 -49.73866161
.7478396713 .5510397578 -49.73870907
.7478396713 .5903997405 -49.73876600
.7478396713 .6297597232 -49.73882038
.7478396713 .6691197059 -49.73886531
.7478396713 .7084796886 -49.73892649
.7478396713 .7478396713 -49.73897569
.7478396713 .7871996540 -49.73902896
.7478396713 .8265596367 -49.73908708
.7478396713 .8659196194 -49.73912715
.7478396713 .9052796021 -49.73917620
.7478396713 .9446395848 -49.73921239
.7478396713 .9839995675 -49.73923976
.7478396713 1.0233595502 -49.73927480
.7478396713 1.0627195329 -49.73929169
.7478396713 1.1020795156 -49.73931710
.7478396713 1.1414394983 -49.73933912
.7478396713 1.1807994810 -49.73934487
.7478396713 1.2201594637 -49.73935886
.7478396713 1.2595194464 -49.73935215
.7478396713 1.2988794291 -49.73934147
.7478396713 1.3382394118 -49.73933139
.7478396713 1.3775993945 -49.73930205
.7478396713 1.4169593772 -49.73928476
.7478396713 1.4563193599 -49.73925835
.7478396713 1.4956793426 -49.73922445
.7478396713 1.5350393253 -49.73919778
.7478396713 1.5743993080 -49.73915065
.7478396713 1.6137592907 -49.73910760
.7478396713 1.6531192734 -49.73906019
.7478396713 1.6924792561 -49.73899981
.7478396713 1.7318392388 -49.73895330
.7478396713 1.7711992215 -49.73889514
.7478396713 1.8105592042 -49.73884113
.7478396713 1.8499191869 -49.73879616
.7478396713 1.8892791696 -49.73873520
.7478396713 1.9286391523 -49.73868661
.7478396713 1.9679991350 -49.73863062
.7871996540 0 -49.73836385
.7871996540 .0393599827 -49.73839663
.7871996540 .0787199654 -49.73838942
.7871996540 .1180799481 -49.73839423
.7871996540 .1574399308 -49.73843953
.7871996540 .1967999135 -49.73843030
.7871996540 .2361598962 -49.73847795
.7871996540 .2755198789 -49.73850779
.7871996540 .3148798616 -49.73851720
.7871996540 .3542398443 -49.73858408
.7871996540 .3935998270 -49.73859727
.7871996540 .4329598097 -49.73864729
.7871996540 .4723197924 -49.73871025
.7871996540 .5116797751 -49.73872705
.7871996540 .5510397578 -49.73880481
.7871996540 .5903997405 -49.73883824
.7871996540 .6297597232 -49.73887455
.7871996540 .6691197059 -49.73894887
.7871996540 .7084796886 -49.73896411
.7871996540 .7478396713 -49.73903099
.7871996540 .7871996540 -49.73908069
.7871996540 .8265596367 -49.73910301
.7871996540 .8659196194 -49.73917773
.7871996540 .9052796021 -49.73919062
.7871996540 .9446395848 -49.73922772
.7871996540 .9839995675 -49.73927349
.7871996540 1.0233595502 -49.73926599
.7871996540 1.0627195329 -49.73931599
.7871996540 1.1020795156 -49.73932361
.7871996540 1.1414394983 -49.73932923
.7871996540 1.1807994810 -49.73936953
.7871996540 1.2201594637 -49.73934345
.7871996540 1.2595194464 -49.73936001
.7871996540 1.2988794291 -49.73935529
.7871996540 1.3382394118 -49.73931657
.7871996540 1.3775993945 -49.73933044
.7871996540 1.4169593772 -49.73928620
.7871996540 1.4563193599 -49.73926730
.7871996540 1.4956793426 -49.73926046
.7871996540 1.5350393253 -49.73919878
.7871996540 1.5743993080 -49.73919196
.7871996540 1.6137592907 -49.73914132
.7871996540 1.6531192734 -49.73908438
.7871996540 1.6924792561 -49.73906705
.7871996540 1.7318392388 -49.73898863
.7871996540 1.7711992215 -49.73895859
.7871996540 1.8105592042 -49.73891731
.7871996540 1.8499191869 -49.73884577
.7871996540 1.8892791696 -49.73883190
.7871996540 1.9286391523 -49.73876141
.7871996540 1.9679991350 -49.73871509
.8265596367 0 -49.73847542
.8265596367 .0393599827 -49.73849649
.8265596367 .0787199654 -49.73849592
.8265596367 .1180799481 -49.73850354
.8265596367 .1574399308 -49.73853551
.8265596367 .1967999135 -49.73853488
.8265596367 .2361598962 -49.73856957
.8265596367 .2755198789 -49.73859449
.8265596367 .3148798616 -49.73860874
.8265596367 .3542398443 -49.73865953
.8265596367 .3935998270 -49.73867852
.8265596367 .4329598097 -49.73871953
.8265596367 .4723197924 -49.73876855
.8265596367 .5116797751 -49.73878934
.8265596367 .5510397578 -49.73884767
.8265596367 .5903997405 -49.73888003
.8265596367 .6297597232 -49.73891481
.8265596367 .6691197059 -49.73897287
.8265596367 .7084796886 -49.73899510
.8265596367 .7478396713 -49.73904787
.8265596367 .7871996540 -49.73908928
.8265596367 .8265596367 -49.73911396
.8265596367 .8659196194 -49.73916977
.8265596367 .9052796021 -49.73918725
.8265596367 .9446395848 -49.73921798
.8265596367 .9839995675 -49.73925290
.8265596367 1.0233595502 -49.73925508
.8265596367 1.0627195329 -49.73929059
.8265596367 1.1020795156 -49.73929958
.8265596367 1.1414394983 -49.73930624
.8265596367 1.1807994810 -49.73933358
.8265596367 1.2201594637 -49.73931923
.8265596367 1.2595194464 -49.73932870
.8265596367 1.2988794291 -49.73932360
.8265596367 1.3382394118 -49.73929703
.8265596367 1.3775993945 -49.73930169
.8265596367 1.4169593772 -49.73927010
.8265596367 1.4563193599 -49.73925251
.8265596367 1.4956793426 -49.73924151
.8265596367 1.5350393253 -49.73919654
.8265596367 1.5743993080 -49.73918333
.8265596367 1.6137592907 -49.73914245
.8265596367 1.6531192734 -49.73909712
.8265596367 1.6924792561 -49.73907546
.8265596367 1.7318392388 -49.73901630
.8265596367 1.7711992215 -49.73898526
.8265596367 1.8105592042 -49.73894719
.8265596367 1.8499191869 -49.73889100
.8265596367 1.8892791696 -49.73887005
.8265596367 1.9286391523 -49.73881573
.8265596367 1.9679991350 -49.73877673
.8659196194 0 -49.73861246
.8659196194 .0393599827 -49.73859226
.8659196194 .0787199654 -49.73861258
.8659196194 .1180799481 -49.73863047
.8659196194 .1574399308 -49.73862211
.8659196194 .1967999135 -49.73866123
.8659196194 .2361598962 -49.73866155
.8659196194 .2755198789 -49.73868059
.8659196194 .3148798616 -49.73872180
.8659196194 .3542398443 -49.73872432
.8659196194 .3935998270 -49.73877478
.8659196194 .4329598097 -49.73880019
.8659196194 .4723197924 -49.73881835
.8659196194 .5116797751 -49.73887373
.8659196194 .5510397578 -49.73888353
.8659196194 .5903997405 -49.73892818
.8659196194 .6297597232 -49.73897131
.8659196194 .6691197059 -49.73898587
.8659196194 .7084796886 -49.73904636
.8659196194 .7478396713 -49.73906534
.8659196194 .7871996540 -49.73909644
.8659196194 .8265596367 -49.73914669
.8659196194 .8659196194 -49.73915181
.8659196194 .9052796021 -49.73919933
.8659196194 .9446395848 -49.73921975
.8659196194 .9839995675 -49.73922636
.8659196194 1.0233595502 -49.73926910
.8659196194 1.0627195329 -49.73926199
.8659196194 1.1020795156 -49.73928412
.8659196194 1.1414394983 -49.73930318
.8659196194 1.1807994810 -49.73928817
.8659196194 1.2201594637 -49.73931574
.8659196194 1.2595194464 -49.73930039
.8659196194 1.2988794291 -49.73929201
.8659196194 1.3382394118 -49.73930221
.8659196194 1.3775993945 -49.73926527
.8659196194 1.4169593772 -49.73926988
.8659196194 1.4563193599 -49.73925024
.8659196194 1.4956793426 -49.73921601
.8659196194 1.5350393253 -49.73921883
.8659196194 1.5743993080 -49.73917037
.8659196194 1.6137592907 -49.73914909
.8659196194 1.6531192734 -49.73912772
.8659196194 1.6924792561 -49.73907244
.8659196194 1.7318392388 -49.73906291
.8659196194 1.7711992215 -49.73901454
.8659196194 1.8105592042 -49.73897415
.8659196194 1.8499191869 -49.73895796
.8659196194 1.8892791696 -49.73889774
.8659196194 1.9286391523 -49.73888202
.8659196194 1.9679991350 -49.73884847
.9052796021 0 -49.73872143
.9052796021 .0393599827 -49.73869849
.9052796021 .0787199654 -49.73871974
.9052796021 .1180799481 -49.73873632
.9052796021 .1574399308 -49.73872191
.9052796021 .1967999135 -49.73875977
.9052796021 .2361598962 -49.73875210
.9052796021 .2755198789 -49.73876631
.9052796021 .3148798616 -49.73880608
.9052796021 .3542398443 -49.73880154
.9052796021 .3935998270 -49.73884933
.9052796021 .4329598097 -49.73886753
.9052796021 .4723197924 -49.73887630
.9052796021 .5116797751 -49.73892689
.9052796021 .5510397578 -49.73892599
.9052796021 .5903997405 -49.73896616
.9052796021 .6297597232 -49.73900508
.9052796021 .6691197059 -49.73901114
.9052796021 .7084796886 -49.73906846
.9052796021 .7478396713 -49.73907883
.9052796021 .7871996540 -49.73910332
.9052796021 .8265596367 -49.73914952
.9052796021 .8659196194 -49.73914580
.9052796021 .9052796021 -49.73919158
.9052796021 .9446395848 -49.73920846
.9052796021 .9839995675 -49.73921008
.9052796021 1.0233595502 -49.73925303
.9052796021 1.0627195329 -49.73924046
.9052796021 1.1020795156 -49.73926113
.9052796021 1.1414394983 -49.73927856
.9052796021 1.1807994810 -49.73925822
.9052796021 1.2201594637 -49.73928767
.9052796021 1.2595194464 -49.73927096
.9052796021 1.2988794291 -49.73926413
.9052796021 1.3382394118 -49.73927940
.9052796021 1.3775993945 -49.73924199
.9052796021 1.4169593772 -49.73925162
.9052796021 1.4563193599 -49.73923432
.9052796021 1.4956793426 -49.73920133
.9052796021 1.5350393253 -49.73921032
.9052796021 1.5743993080 -49.73916261
.9052796021 1.6137592907 -49.73914735
.9052796021 1.6531192734 -49.73913333
.9052796021 1.6924792561 -49.73908137
.9052796021 1.7318392388 -49.73908177
.9052796021 1.7711992215 -49.73903806
.9052796021 1.8105592042 -49.73900310
.9052796021 1.8499191869 -49.73899489
.9052796021 1.8892791696 -49.73893671
.9052796021 1.9286391523 -49.73893010
.9052796021 1.9679991350 -49.73890449
.9446395848 0 -49.73878819
.9446395848 .0393599827 -49.73880548
.9446395848 .0787199654 -49.73880496
.9446395848 .1180799481 -49.73880842
.9446395848 .1574399308 -49.73882719
.9446395848 .1967999135 -49.73881732
.9446395848 .2361598962 -49.73883306
.9446395848 .2755198789 -49.73884408
.9446395848 .3148798616 -49.73884984
.9446395848 .3542398443 -49.73888384
.9446395848 .3935998270 -49.73889067
.9446395848 .4329598097 -49.73891128
.9446395848 .4723197924 -49.73893493
.9446395848 .5116797751 -49.73893687
.9446395848 .5510397578 -49.73896950
.9446395848 .5903997405 -49.73898551
.9446395848 .6297597232 -49.73900516
.9446395848 .6691197059 -49.73904211
.9446395848 .7084796886 -49.73904949
.9446395848 .7478396713 -49.73907965
.9446395848 .7871996540 -49.73910117
.9446395848 .8265596367 -49.73911058
.9446395848 .8659196194 -49.73914522
.9446395848 .9052796021 -49.73915256
.9446395848 .9446395848 -49.73917174
.9446395848 .9839995675 -49.73919470
.9446395848 1.0233595502 -49.73919216
.9446395848 1.0627195329 -49.73921584
.9446395848 1.1020795156 -49.73921826
.9446395848 1.1414394983 -49.73921827
.9446395848 1.1807994810 -49.73923438
.9446395848 1.2201594637 -49.73922057
.9446395848 1.2595194464 -49.73922877
.9446395848 1.2988794291 -49.73922901
.9446395848 1.3382394118 -49.73921376
.9446395848 1.3775993945 -49.73922227
.9446395848 1.4169593772 -49.73920182
.9446395848 1.4563193599 -49.73919230
.9446395848 1.4956793426 -49.73918789
.9446395848 1.5350393253 -49.73915740
.9446395848 1.5743993080 -49.73915229
.9446395848 1.6137592907 -49.73912816
.9446395848 1.6531192734 -49.73910230
.9446395848 1.6924792561 -49.73909565
.9446395848 1.7318392388 -49.73906063
.9446395848 1.7711992215 -49.73904675
.9446395848 1.8105592042 -49.73902650
.9446395848 1.8499191869 -49.73899029
.9446395848 1.8892791696 -49.73898191
.9446395848 1.9286391523 -49.73895071
.9446395848 1.9679991350 -49.73893400
.9839995675 0 -49.73888386
.9839995675 .0393599827 -49.73891795
.9839995675 .0787199654 -49.73890709
.9839995675 .1180799481 -49.73890360
.9839995675 .1574399308 -49.73893512
.9839995675 .1967999135 -49.73890315
.9839995675 .2361598962 -49.73892791
.9839995675 .2755198789 -49.73893539
.9839995675 .3148798616 -49.73892349
.9839995675 .3542398443 -49.73897070
.9839995675 .3935998270 -49.73895603
.9839995675 .4329598097 -49.73897413
.9839995675 .4723197924 -49.73900108
.9839995675 .5116797751 -49.73897894
.9839995675 .5510397578 -49.73902250
.9839995675 .5903997405 -49.73902367
.9839995675 .6297597232 -49.73903081
.9839995675 .6691197059 -49.73907631
.9839995675 .7084796886 -49.73905737
.9839995675 .7478396713 -49.73909244
.9839995675 .7871996540 -49.73910971
.9839995675 .8265596367 -49.73910009
.9839995675 .8659196194 -49.73914814
.9839995675 .9052796021 -49.73913523
.9839995675 .9446395848 -49.73915223
.9839995675 .9839995675 -49.73918155
.9839995675 1.0233595502 -49.73915772
.9839995675 1.0627195329 -49.73919559
.9839995675 1.1020795156 -49.73918901
.9839995675 1.1414394983 -49.73918075
.9839995675 1.1807994810 -49.73921158
.9839995675 1.2201594637 -49.73917865
.9839995675 1.2595194464 -49.73919791
.9839995675 1.2988794291 -49.73920184
.9839995675 1.3382394118 -49.73917431
.9839995675 1.3775993945 -49.73920348
.9839995675 1.4169593772 -49.73917146
.9839995675 1.4563193599 -49.73916682
.9839995675 1.4956793426 -49.73917680
.9839995675 1.5350393253 -49.73913233
.9839995675 1.5743993080 -49.73914932
.9839995675 1.6137592907 -49.73912463
.9839995675 1.6531192734 -49.73909678
.9839995675 1.6924792561 -49.73911281
.9839995675 1.7318392388 -49.73906564
.9839995675 1.7711992215 -49.73906912
.9839995675 1.8105592042 -49.73905985
.9839995675 1.8499191869 -49.73901598
.9839995675 1.8892791696 -49.73903332
.9839995675 1.9286391523 -49.73899570
.9839995675 1.9679991350 -49.73898610
1.0233595502 0 -49.73897082
1.0233595502 .0393599827 -49.73896952
1.0233595502 .0787199654 -49.73897419
1.0233595502 .1180799481 -49.73897758
1.0233595502 .1574399308 -49.73897561
1.0233595502 .1967999135 -49.73897780
1.0233595502 .2361598962 -49.73897567
1.0233595502 .2755198789 -49.73897862
1.0233595502 .3148798616 -49.73898647
1.0233595502 .3542398443 -49.73899078
1.0233595502 .3935998270 -49.73899984
1.0233595502 .4329598097 -49.73900416
1.0233595502 .4723197924 -49.73900656
1.0233595502 .5116797751 -49.73901406
1.0233595502 .5510397578 -49.73901734
1.0233595502 .5903997405 -49.73902688
1.0233595502 .6297597232 -49.73903691
1.0233595502 .6691197059 -49.73904258
1.0233595502 .7084796886 -49.73905304
1.0233595502 .7478396713 -49.73905878
1.0233595502 .7871996540 -49.73906743
1.0233595502 .8265596367 -49.73907839
1.0233595502 .8659196194 -49.73908319
1.0233595502 .9052796021 -49.73909225
1.0233595502 .9446395848 -49.73909798
1.0233595502 .9839995675 -49.73910267
1.0233595502 1.0233595502 -49.73911157
1.0233595502 1.0627195329 -49.73911424
1.0233595502 1.1020795156 -49.73911915
1.0233595502 1.1414394983 -49.73912198
1.0233595502 1.1807994810 -49.73911893
1.0233595502 1.2201594637 -49.73912091
1.0233595502 1.2595194464 -49.73911952
1.0233595502 1.2988794291 -49.73912008
1.0233595502 1.3382394118 -49.73912200
1.0233595502 1.3775993945 -49.73911592
1.0233595502 1.4169593772 -49.73911348
1.0233595502 1.4563193599 -49.73910743
1.0233595502 1.4956793426 -49.73909943
1.0233595502 1.5350393253 -49.73909628
1.0233595502 1.5743993080 -49.73908715
1.0233595502 1.6137592907 -49.73908082
1.0233595502 1.6531192734 -49.73907375
1.0233595502 1.6924792561 -49.73906209
1.0233595502 1.7318392388 -49.73905652
1.0233595502 1.7711992215 -49.73904764
1.0233595502 1.8105592042 -49.73903928
1.0233595502 1.8499191869 -49.73903296
1.0233595502 1.8892791696 -49.73902095
1.0233595502 1.9286391523 -49.73901586
1.0233595502 1.9679991350 -49.73901043
1.0627195329 0 -49.73908270
1.0627195329 .0393599827 -49.73905099
1.0627195329 .0787199654 -49.73906903
1.0627195329 .1180799481 -49.73907850
1.0627195329 .1574399308 -49.73904780
1.0627195329 .1967999135 -49.73907937
1.0627195329 .2361598962 -49.73905377
1.0627195329 .2755198789 -49.73905186
1.0627195329 .3148798616 -49.73907598
1.0627195329 .3542398443 -49.73904208
1.0627195329 .3935998270 -49.73907032
1.0627195329 .4329598097 -49.73906174
1.0627195329 .4723197924 -49.73904206
1.0627195329 .5116797751 -49.73907445
1.0627195329 .5510397578 -49.73904224
1.0627195329 .5903997405 -49.73905748
1.0627195329 .6297597232 -49.73906852
1.0627195329 .6691197059 -49.73903865
1.0627195329 .7084796886 -49.73907381
1.0627195329 .7478396713 -49.73905390
1.0627195329 .7871996540 -49.73905392
1.0627195329 .8265596367 -49.73908197
1.0627195329 .8659196194 -49.73904794
1.0627195329 .9052796021 -49.73907485
1.0627195329 .9446395848 -49.73906991
1.0627195329 .9839995675 -49.73905197
1.0627195329 1.0233595502 -49.73908880
1.0627195329 1.0627195329 -49.73906105
1.0627195329 1.1020795156 -49.73907622
1.0627195329 1.1414394983 -49.73908831
1.0627195329 1.1807994810 -49.73905575
1.0627195329 1.2201594637 -49.73908841
1.0627195329 1.2595194464 -49.73906896
1.0627195329 1.2988794291 -49.73906648
1.0627195329 1.3382394118 -49.73909388
1.0627195329 1.3775993945 -49.73905763
1.0627195329 1.4169593772 -49.73908041
1.0627195329 1.4563193599 -49.73907335
1.0627195329 1.4956793426 -49.73905062
1.0627195329 1.5350393253 -49.73908417
1.0627195329 1.5743993080 -49.73905379
1.0627195329 1.6137592907 -49.73906457
1.0627195329 1.6531192734 -49.73907645
1.0627195329 1.6924792561 -49.73904177
1.0627195329 1.7318392388 -49.73907332
1.0627195329 1.7711992215 -49.73905388
1.0627195329 1.8105592042 -49.73904737
1.0627195329 1.8499191869 -49.73907455
1.0627195329 1.8892791696 -49.73903881
1.0627195329 1.9286391523 -49.73906311
1.0627195329 1.9679991350 -49.73906182
1.1020795156 0 -49.73911786
1.1020795156 .0393599827 -49.73911004
1.1020795156 .0787199654 -49.73911505
1.1020795156 .1180799481 -49.73911649
1.1020795156 .1574399308 -49.73910573
1.1020795156 .1967999135 -49.73910984
1.1020795156 .2361598962 -49.73909845
1.1020795156 .2755198789 -49.73909244
1.1020795156 .3148798616 -49.73909331
1.1020795156 .3542398443 -49.73907852
1.1020795156 .3935998270 -49.73907902
1.1020795156 .4329598097 -49.73906950
1.1020795156 .4723197924 -49.73905673
1.1020795156 .5116797751 -49.73905819
1.1020795156 .5510397578 -49.73904335
1.1020795156 .5903997405 -49.73904006
1.1020795156 .6297597232 -49.73903490
1.1020795156 .6691197059 -49.73901940
1.1020795156 .7084796886 -49.73902255
1.1020795156 .7478396713 -49.73901279
1.1020795156 .7871996540 -49.73900889
1.1020795156 .8265596367 -49.73901172
1.1020795156 .8659196194 -49.73899714
1.1020795156 .9052796021 -49.73899754
1.1020795156 .9446395848 -49.73899068
1.1020795156 .9839995675 -49.73898244
1.1020795156 1.0233595502 -49.73899109
1.1020795156 1.0627195329 -49.73898400
1.1020795156 1.1020795156 -49.73898768
1.1020795156 1.1414394983 -49.73898897
1.1020795156 1.1807994810 -49.73897793
1.1020795156 1.2201594637 -49.73898453
1.1020795156 1.2595194464 -49.73898017
1.1020795156 1.2988794291 -49.73898203
1.1020795156 1.3382394118 -49.73899156
1.1020795156 1.3775993945 -49.73898327
1.1020795156 1.4169593772 -49.73898887
1.1020795156 1.4563193599 -49.73898716
1.1020795156 1.4956793426 -49.73898358
1.1020795156 1.5350393253 -49.73899703
1.1020795156 1.5743993080 -49.73899539
1.1020795156 1.6137592907 -49.73900440
1.1020795156 1.6531192734 -49.73901262
1.1020795156 1.6924792561 -49.73900768
1.1020795156 1.7318392388 -49.73902001
1.1020795156 1.7711992215 -49.73902007
1.1020795156 1.8105592042 -49.73902537
1.1020795156 1.8499191869 -49.73904060
1.1020795156 1.8892791696 -49.73903893
1.1020795156 1.9286391523 -49.73905209
1.1020795156 1.9679991350 -49.73905812
1.1414394983 0 -49.73916776
1.1414394983 .0393599827 -49.73919753
1.1414394983 .0787199654 -49.73918257
1.1414394983 .1180799481 -49.73917219
1.1414394983 .1574399308 -49.73919349
1.1414394983 .1967999135 -49.73915505
1.1414394983 .2361598962 -49.73916742
1.1414394983 .2755198789 -49.73915836
1.1414394983 .3148798616 -49.73912571
1.1414394983 .3542398443 -49.73914520
1.1414394983 .3935998270 -49.73910656
1.1414394983 .4329598097 -49.73909888
1.1414394983 .4723197924 -49.73910091
1.1414394983 .5116797751 -49.73905697
1.1414394983 .5510397578 -49.73907264
1.1414394983 .5903997405 -49.73904467
1.1414394983 .6297597232 -49.73901895
1.1414394983 .6691197059 -49.73903109
1.1414394983 .7084796886 -49.73898764
1.1414394983 .7478396713 -49.73899698
1.1414394983 .7871996540 -49.73899051
1.1414394983 .8265596367 -49.73895755
1.1414394983 .8659196194 -49.73897778
1.1414394983 .9052796021 -49.73894073
1.1414394983 .9446395848 -49.73893399
1.1414394983 .9839995675 -49.73894402
1.1414394983 1.0233595502 -49.73891015
1.1414394983 1.0627195329 -49.73893731
1.1414394983 1.1020795156 -49.73892320
1.1414394983 1.1414394983 -49.73890780
1.1414394983 1.1807994810 -49.73893119
1.1414394983 1.2201594637 -49.73889713
1.1414394983 1.2595194464 -49.73891632
1.1414394983 1.2988794291 -49.73892466
1.1414394983 1.3382394118 -49.73890545
1.1414394983 1.3775993945 -49.73894070
1.1414394983 1.4169593772 -49.73891878
1.1414394983 1.4563193599 -49.73892380
1.1414394983 1.4956793426 -49.73894754
1.1414394983 1.5350393253 -49.73892613
1.1414394983 1.5743993080 -49.73896630
1.1414394983 1.6137592907 -49.73896815
1.1414394983 1.6531192734 -49.73896669
1.1414394983 1.6924792561 -49.73900480
1.1414394983 1.7318392388 -49.73898334
1.1414394983 1.7711992215 -49.73901115
1.1414394983 1.8105592042 -49.73903030
1.1414394983 1.8499191869 -49.73902138
1.1414394983 1.8892791696 -49.73906892
1.1414394983 1.9286391523 -49.73906042
1.1414394983 1.9679991350 -49.73907544
1.1807994810 0 -49.73921370
1.1807994810 .0393599827 -49.73923225
1.1807994810 .0787199654 -49.73922087
1.1807994810 .1180799481 -49.73921159
1.1807994810 .1574399308 -49.73922148
1.1807994810 .1967999135 -49.73919179
1.1807994810 .2361598962 -49.73919391
1.1807994810 .2755198789 -49.73918080
1.1807994810 .3148798616 -49.73915107
1.1807994810 .3542398443 -49.73915343
1.1807994810 .3935998270 -49.73911828
1.1807994810 .4329598097 -49.73910284
1.1807994810 .4723197924 -49.73909357
1.1807994810 .5116797751 -49.73905420
1.1807994810 .5510397578 -49.73905184
1.1807994810 .5903997405 -49.73902084
1.1807994810 .6297597232 -49.73899134
1.1807994810 .6691197059 -49.73898674
1.1807994810 .7084796886 -49.73894784
1.1807994810 .7478396713 -49.73894423
1.1807994810 .7871996540 -49.73893079
1.1807994810 .8265596367 -49.73889979
1.1807994810 .8659196194 -49.73890222
1.1807994810 .9052796021 -49.73886802
1.1807994810 .9446395848 -49.73885453
1.1807994810 .9839995675 -49.73885419
1.1807994810 1.0233595502 -49.73882815
1.1807994810 1.0627195329 -49.73884180
1.1807994810 1.1020795156 -49.73882881
1.1807994810 1.1414394983 -49.73881508
1.1807994810 1.1807994810 -49.73882659
1.1807994810 1.2201594637 -49.73880242
1.1807994810 1.2595194464 -49.73881561
1.1807994810 1.2988794291 -49.73882396
1.1807994810 1.3382394118 -49.73881554
1.1807994810 1.3775993945 -49.73884207
1.1807994810 1.4169593772 -49.73883174
1.1807994810 1.4563193599 -49.73883877
1.1807994810 1.4956793426 -49.73885954
1.1807994810 1.5350393253 -49.73885389
1.1807994810 1.5743993080 -49.73888958
1.1807994810 1.6137592907 -49.73890131
1.1807994810 1.6531192734 -49.73891066
1.1807994810 1.6924792561 -49.73894461
1.1807994810 1.7318392388 -49.73894009
1.1807994810 1.7711992215 -49.73896811
1.1807994810 1.8105592042 -49.73899238
1.1807994810 1.8499191869 -49.73899932
1.1807994810 1.8892791696 -49.73904308
1.1807994810 1.9286391523 -49.73905019
1.1807994810 1.9679991350 -49.73907179
1.2201594637 0 -49.73928051
1.2201594637 .0393599827 -49.73925664
1.2201594637 .0787199654 -49.73926402
1.2201594637 .1180799481 -49.73926352
1.2201594637 .1574399308 -49.73923401
1.2201594637 .1967999135 -49.73924634
1.2201594637 .2361598962 -49.73921593
1.2201594637 .2755198789 -49.73919902
1.2201594637 .3148798616 -49.73919616
1.2201594637 .3542398443 -49.73914893
1.2201594637 .3935998270 -49.73914458
1.2201594637 .4329598097 -49.73911503
1.2201594637 .4723197924 -49.73907709
1.2201594637 .5116797751 -49.73907386
1.2201594637 .5510397578 -49.73902332
1.2201594637 .5903997405 -49.73900394
1.2201594637 .6297597232 -49.73898135
1.2201594637 .6691197059 -49.73893208
1.2201594637 .7084796886 -49.73893101
1.2201594637 .7478396713 -49.73889332
1.2201594637 .7871996540 -49.73886928
1.2201594637 .8265596367 -49.73886427
1.2201594637 .8659196194 -49.73881562
1.2201594637 .9052796021 -49.73881076
1.2201594637 .9446395848 -49.73878617
1.2201594637 .9839995675 -49.73875720
1.2201594637 1.0233595502 -49.73876989
1.2201594637 1.0627195329 -49.73873887
1.2201594637 1.1020795156 -49.73873898
1.2201594637 1.1414394983 -49.73873837
1.2201594637 1.1807994810 -49.73870823
1.2201594637 1.2201594637 -49.73872678
1.2201594637 1.2595194464 -49.73871484
1.2201594637 1.2988794291 -49.73871907
1.2201594637 1.3382394118 -49.73874667
1.2201594637 1.3775993945 -49.73873116
1.2201594637 1.4169593772 -49.73875803
1.2201594637 1.4563193599 -49.73876525
1.2201594637 1.4956793426 -49.73876394
1.2201594637 1.5350393253 -49.73880624
1.2201594637 1.5743993080 -49.73880769
1.2201594637 1.6137592907 -49.73883960
1.2201594637 1.6531192734 -49.73887285
1.2201594637 1.6924792561 -49.73887294
1.2201594637 1.7318392388 -49.73891866
1.2201594637 1.7711992215 -49.73892954
1.2201594637 1.8105592042 -49.73895199
1.2201594637 1.8499191869 -49.73900065
1.2201594637 1.8892791696 -49.73900616
1.2201594637 1.9286391523 -49.73905207
1.2201594637 1.9679991350 -49.73907826
1.2595194464 0 -49.73931980
1.2595194464 .0393599827 -49.73929062
1.2595194464 .0787199654 -49.73929813
1.2595194464 .1180799481 -49.73929610
1.2595194464 .1574399308 -49.73925993
1.2595194464 .1967999135 -49.73927456
1.2595194464 .2361598962 -49.73923819
1.2595194464 .2755198789 -49.73921802
1.2595194464 .3148798616 -49.73921544
1.2595194464 .3542398443 -49.73915949
1.2595194464 .3935998270 -49.73915367
1.2595194464 .4329598097 -49.73911693
1.2595194464 .4723197924 -49.73907040
1.2595194464 .5116797751 -49.73906502
1.2595194464 .5510397578 -49.73900359
1.2595194464 .5903997405 -49.73898028
1.2595194464 .6297597232 -49.73895370
1.2595194464 .6691197059 -49.73889481
1.2595194464 .7084796886 -49.73889120
1.2595194464 .7478396713 -49.73884269
1.2595194464 .7871996540 -49.73881066
1.2595194464 .8265596367 -49.73880214
1.2595194464 .8659196194 -49.73874310
1.2595194464 .9052796021 -49.73873765
1.2595194464 .9446395848 -49.73870867
1.2595194464 .9839995675 -49.73867270
1.2595194464 1.0233595502 -49.73868429
1.2595194464 1.0627195329 -49.73864409
1.2595194464 1.1020795156 -49.73864242
1.2595194464 1.1414394983 -49.73864084
1.2595194464 1.1807994810 -49.73860547
1.2595194464 1.2201594637 -49.73862875
1.2595194464 1.2595194464 -49.73861394
1.2595194464 1.2988794291 -49.73861797
1.2595194464 1.3382394118 -49.73865103
1.2595194464 1.3775993945 -49.73863379
1.2595194464 1.4169593772 -49.73866838
1.2595194464 1.4563193599 -49.73868077
1.2595194464 1.4956793426 -49.73868178
1.2595194464 1.5350393253 -49.73873260
1.2595194464 1.5743993080 -49.73873360
1.2595194464 1.6137592907 -49.73877217
1.2595194464 1.6531192734 -49.73881335
1.2595194464 1.6924792561 -49.73881674
1.2595194464 1.7318392388 -49.73887465
1.2595194464 1.7711992215 -49.73889096
1.2595194464 1.8105592042 -49.73891881
1.2595194464 1.8499191869 -49.73897651
1.2595194464 1.8892791696 -49.73898287
1.2595194464 1.9286391523 -49.73903850
1.2595194464 1.9679991350 -49.73907090
1.2988794291 0 -49.73931466
1.2988794291 .0393599827 -49.73932478
1.2988794291 .0787199654 -49.73930962
1.2988794291 .1180799481 -49.73929390
1.2988794291 .1574399308 -49.73929056
1.2988794291 .1967999135 -49.73925934
1.2988794291 .2361598962 -49.73924850
1.2988794291 .2755198789 -49.73922593
1.2988794291 .3148798616 -49.73918999
1.2988794291 .3542398443 -49.73917325
1.2988794291 .3935998270 -49.73912716
1.2988794291 .4329598097 -49.73909255
1.2988794291 .4723197924 -49.73906096
1.2988794291 .5116797751 -49.73900770
1.2988794291 .5510397578 -49.73897994
1.2988794291 .5903997405 -49.73893329
1.2988794291 .6297597232 -49.73888907
1.2988794291 .6691197059 -49.73886147
1.2988794291 .7084796886 -49.73880807
1.2988794291 .7478396713 -49.73877791
1.2988794291 .7871996540 -49.73874073
1.2988794291 .8265596367 -49.73869379
1.2988794291 .8659196194 -49.73867322
1.2988794291 .9052796021 -49.73863053
1.2988794291 .9446395848 -49.73860451
1.2988794291 .9839995675 -49.73858771
1.2988794291 1.0233595502 -49.73855213
1.2988794291 1.0627195329 -49.73854565
1.2988794291 1.1020795156 -49.73852441
1.2988794291 1.1414394983 -49.73850642
1.2988794291 1.1807994810 -49.73850919
1.2988794291 1.2201594637 -49.73849115
1.2988794291 1.2595194464 -49.73850049
1.2988794291 1.2988794291 -49.73850951
1.2988794291 1.3382394118 -49.73851053
1.2988794291 1.3775993945 -49.73853926
1.2988794291 1.4169593772 -49.73854622
1.2988794291 1.4563193599 -49.73856831
1.2988794291 1.4956793426 -49.73859985
1.2988794291 1.5350393253 -49.73861226
1.2988794291 1.5743993080 -49.73865451
1.2988794291 1.6137592907 -49.73868333
1.2988794291 1.6531192734 -49.73871363
1.2988794291 1.6924792561 -49.73876426
1.2988794291 1.7318392388 -49.73878891
1.2988794291 1.7711992215 -49.73883562
1.2988794291 1.8105592042 -49.73887774
1.2988794291 1.8499191869 -49.73890653
1.2988794291 1.8892791696 -49.73896103
1.2988794291 1.9286391523 -49.73899186
1.2988794291 1.9679991350 -49.73903294
1.3382394118 0 -49.73933948
1.3382394118 .0393599827 -49.73936802
1.3382394118 .0787199654 -49.73934200
1.3382394118 .1180799481 -49.73931825
1.3382394118 .1574399308 -49.73932813
1.3382394118 .1967999135 -49.73927375
1.3382394118 .2361598962 -49.73927354
1.3382394118 .2755198789 -49.73924780
1.3382394118 .3148798616 -49.73919380
1.3382394118 .3542398443 -49.73919225
1.3382394118 .3935998270 -49.73912412
1.3382394118 .4329598097 -49.73908679
1.3382394118 .4723197924 -49.73905798
1.3382394118 .5116797751 -49.73897883
1.3382394118 .5510397578 -49.73896407
1.3382394118 .5903997405 -49.73890369
1.3382394118 .6297597232 -49.73884824
1.3382394118 .6691197059 -49.73883207
1.3382394118 .7084796886 -49.73875115
1.3382394118 .7478396713 -49.73872536
1.3382394118 .7871996540 -49.73868191
1.3382394118 .8265596367 -49.73861349
1.3382394118 .8659196194 -49.73860809
1.3382394118 .9052796021 -49.73854642
1.3382394118 .9446395848 -49.73851970
1.3382394118 .9839995675 -49.73850962
1.3382394118 1.0233595502 -49.73844953
1.3382394118 1.0627195329 -49.73845684
1.3382394118 1.1020795156 -49.73842494
1.3382394118 1.1414394983 -49.73839896
1.3382394118 1.1807994810 -49.73842043
1.3382394118 1.2201594637 -49.73838305
1.3382394118 1.2595194464 -49.73840378
1.3382394118 1.2988794291 -49.73841471
1.3382394118 1.3382394118 -49.73840021
1.3382394118 1.3775993945 -49.73845135
1.3382394118 1.4169593772 -49.73844732
1.3382394118 1.4563193599 -49.73847616
1.3382394118 1.4956793426 -49.73852432
1.3382394118 1.5350393253 -49.73852097
1.3382394118 1.5743993080 -49.73858425
1.3382394118 1.6137592907 -49.73861066
1.3382394118 1.6531192734 -49.73863908
1.3382394118 1.6924792561 -49.73871532
1.3382394118 1.7318392388 -49.73872871
1.3382394118 1.7711992215 -49.73879391
1.3382394118 1.8105592042 -49.73884642
1.3382394118 1.8499191869 -49.73886460
1.3382394118 1.8892791696 -49.73894454
1.3382394118 1.9286391523 -49.73896671
1.3382394118 1.9679991350 -49.73901472
1.3775993945 0 -49.73935453
1.3775993945 .0393599827 -49.73934856
1.3775993945 .0787199654 -49.73933836
1.3775993945 .1180799481 -49.73932129
1.3775993945 .1574399308 -49.73929800
1.3775993945 .1967999135 -49.73927670
1.3775993945 .2361598962 -49.73924938
1.3775993945 .2755198789 -49.73921942
1.3775993945 .3148798616 -49.73918544
1.3775993945 .3542398443 -49.73914265
1.3775993945 .3935998270 -49.73909801
1.3775993945 .4329598097 -49.73904678
1.3775993945 .4723197924 -49.73899317
1.3775993945 .5116797751 -49.73894171
1.3775993945 .5510397578 -49.73888709
1.3775993945 .5903997405 -49.73883637
1.3775993945 .6297597232 -49.73878620
1.3775993945 .6691197059 -49.73873208
1.3775993945 .7084796886 -49.73868031
1.3775993945 .7478396713 -49.73862428
1.3775993945 .7871996540 -49.73857006
1.3775993945 .8265596367 -49.73852169
1.3775993945 .8659196194 -49.73847532
1.3775993945 .9052796021 -49.73843807
1.3775993945 .9446395848 -49.73840215
1.3775993945 .9839995675 -49.73836746
1.3775993945 1.0233595502 -49.73833865
1.3775993945 1.0627195329 -49.73830925
1.3775993945 1.1020795156 -49.73828782
1.3775993945 1.1414394983 -49.73827337
1.3775993945 1.1807994810 -49.73826294
1.3775993945 1.2201594637 -49.73826130
1.3775993945 1.2595194464 -49.73826128
1.3775993945 1.2988794291 -49.73826709
1.3775993945 1.3382394118 -49.73828040
1.3775993945 1.3775993945 -49.73829718
1.3775993945 1.4169593772 -49.73832364
1.3775993945 1.4563193599 -49.73835292
1.3775993945 1.4956793426 -49.73838390
1.3775993945 1.5350393253 -49.73842059
1.3775993945 1.5743993080 -49.73845566
1.3775993945 1.6137592907 -49.73849768
1.3775993945 1.6531192734 -49.73854567
1.3775993945 1.6924792561 -49.73859631
1.3775993945 1.7318392388 -49.73865290
1.3775993945 1.7711992215 -49.73870618
1.3775993945 1.8105592042 -49.73875893
1.3775993945 1.8499191869 -49.73881214
1.3775993945 1.8892791696 -49.73886097
1.3775993945 1.9286391523 -49.73891447
1.3775993945 1.9679991350 -49.73896755
1.4169593772 0 -49.73939564
1.4169593772 .0393599827 -49.73935873
1.4169593772 .0787199654 -49.73936265
1.4169593772 .1180799481 -49.73935245
1.4169593772 .1574399308 -49.73929944
1.4169593772 .1967999135 -49.73930826
1.4169593772 .2361598962 -49.73925638
1.4169593772 .2755198789 -49.73922172
1.4169593772 .3148798616 -49.73920574
1.4169593772 .3542398443 -49.73912523
1.4169593772 .3935998270 -49.73910166
1.4169593772 .4329598097 -49.73903822
1.4169593772 .4723197924 -49.73896177
1.4169593772 .5116797751 -49.73893516
1.4169593772 .5510397578 -49.73884394
1.4169593772 .5903997405 -49.73880095
1.4169593772 .6297597232 -49.73875432
1.4169593772 .6691197059 -49.73866545
1.4169593772 .7084796886 -49.73863912
1.4169593772 .7478396713 -49.73855579
1.4169593772 .7871996540 -49.73849218
1.4169593772 .8265596367 -49.73846116
1.4169593772 .8659196194 -49.73837710
1.4169593772 .9052796021 -49.73836127
1.4169593772 .9446395848 -49.73831616
1.4169593772 .9839995675 -49.73825904
1.4169593772 1.0233595502 -49.73825811
1.4169593772 1.0627195329 -49.73819543
1.4169593772 1.1020795156 -49.73818382
1.4169593772 1.1414394983 -49.73817896
1.4169593772 1.1807994810 -49.73813878
1.4169593772 1.2201594637 -49.73816984
1.4169593772 1.2595194464 -49.73815087
1.4169593772 1.2988794291 -49.73815221
1.4169593772 1.3382394118 -49.73819181
1.4169593772 1.3775993945 -49.73817759
1.4169593772 1.4169593772 -49.73823150
1.4169593772 1.4563193599 -49.73826134
1.4169593772 1.4956793426 -49.73827725
1.4169593772 1.5350393253 -49.73835039
1.4169593772 1.5743993080 -49.73836083
1.4169593772 1.6137592907 -49.73841776
1.4169593772 1.6531192734 -49.73848416
1.4169593772 1.6924792561 -49.73851165
1.4169593772 1.7318392388 -49.73860713
1.4169593772 1.7711992215 -49.73865024
1.4169593772 1.8105592042 -49.73870386
1.4169593772 1.8499191869 -49.73878924
1.4169593772 1.8892791696 -49.73881132
1.4169593772 1.9286391523 -49.73889419
1.4169593772 1.9679991350 -49.73895227
1.4563193599 0 -49.73936198
1.4563193599 .0393599827 -49.73934800
1.4563193599 .0787199654 -49.73934019
1.4563193599 .1180799481 -49.73932298
1.4563193599 .1574399308 -49.73928937
1.4563193599 .1967999135 -49.73927104
1.4563193599 .2361598962 -49.73923188
1.4563193599 .2755198789 -49.73919400
1.4563193599 .3148798616 -49.73915688
1.4563193599 .3542398443 -49.73909691
1.4563193599 .3935998270 -49.73904914
1.4563193599 .4329598097 -49.73898601
1.4563193599 .4723197924 -49.73891719
1.4563193599 .5116797751 -49.73886132
1.4563193599 .5510397578 -49.73878664
1.4563193599 .5903997405 -49.73872660
1.4563193599 .6297597232 -49.73866545
1.4563193599 .6691197059 -49.73859115
1.4563193599 .7084796886 -49.73853386
1.4563193599 .7478396713 -49.73845927
1.4563193599 .7871996540 -49.73839163
1.4563193599 .8265596367 -49.73833709
1.4563193599 .8659196194 -49.73827219
1.4563193599 .9052796021 -49.73823154
1.4563193599 .9446395848 -49.73818530
1.4563193599 .9839995675 -49.73813801
1.4563193599 1.0233595502 -49.73810948
1.4563193599 1.0627195329 -49.73806587
1.4563193599 1.1020795156 -49.73804274
1.4563193599 1.1414394983 -49.73802717
1.4563193599 1.1807994810 -49.73800736
1.4563193599 1.2201594637 -49.73801351
1.4563193599 1.2595194464 -49.73800880
1.4563193599 1.2988794291 -49.73801459
1.4563193599 1.3382394118 -49.73803733
1.4563193599 1.3775993945 -49.73805004
1.4563193599 1.4169593772 -49.73808848
1.4563193599 1.4563193599 -49.73812425
1.4563193599 1.4956793426 -49.73815831
1.4563193599 1.5350393253 -49.73821162
1.4563193599 1.5743993080 -49.73824893
1.4563193599 1.6137592907 -49.73830350
1.4563193599 1.6531192734 -49.73836599
1.4563193599 1.6924792561 -49.73842163
1.4563193599 1.7318392388 -49.73849938
1.4563193599 1.7711992215 -49.73856191
1.4563193599 1.8105592042 -49.73862663
1.4563193599 1.8499191869 -49.73869957
1.4563193599 1.8892791696 -49.73875336
1.4563193599 1.9286391523 -49.73882515
1.4563193599 1.9679991350 -49.73889041
1.4956793426 0 -49.73934183
1.4956793426 .0393599827 -49.73936684
1.4956793426 .0787199654 -49.73933981
1.4956793426 .1180799481 -49.73931179
1.4956793426 .1574399308 -49.73931180
1.4956793426 .1967999135 -49.73925039
1.4956793426 .2361598962 -49.73923477
1.4956793426 .2755198789 -49.73919384
1.4956793426 .3148798616 -49.73912475
1.4956793426 .3542398443 -49.73910226
1.4956793426 .3935998270 -49.73901731
1.4956793426 .4329598097 -49.73895912
1.4956793426 .4723197924 -49.73890718
1.4956793426 .5116797751 -49.73880704
1.4956793426 .5510397578 -49.73876447
1.4956793426 .5903997405 -49.73868000
1.4956793426 .6297597232 -49.73859903
1.4956793426 .6691197059 -49.73855345
1.4956793426 .7084796886 -49.73844903
1.4956793426 .7478396713 -49.73839468
1.4956793426 .7871996540 -49.73832552
1.4956793426 .8265596367 -49.73823553
1.4956793426 .8659196194 -49.73820588
1.4956793426 .9052796021 -49.73812711
1.4956793426 .9446395848 -49.73808201
1.4956793426 .9839995675 -49.73805346
1.4956793426 1.0233595502 -49.73798105
1.4956793426 1.0627195329 -49.73797249
1.4956793426 1.1020795156 -49.73793171
1.4956793426 1.1414394983 -49.73789950
1.4956793426 1.1807994810 -49.73791390
1.4956793426 1.2201594637 -49.73787823
1.4956793426 1.2595194464 -49.73789770
1.4956793426 1.2988794291 -49.73791072
1.4956793426 1.3382394118 -49.73790444
1.4956793426 1.3775993945 -49.73796132
1.4956793426 1.4169593772 -49.73797096
1.4956793426 1.4563193599 -49.73801392
1.4956793426 1.4956793426 -49.73807635
1.4956793426 1.5350393253 -49.73809334
1.4956793426 1.5743993080 -49.73817273
1.4956793426 1.6137592907 -49.73822022
1.4956793426 1.6531192734 -49.73827228
1.4956793426 1.6924792561 -49.73837061
1.4956793426 1.7318392388 -49.73841312
1.4956793426 1.7711992215 -49.73850330
1.4956793426 1.8105592042 -49.73858205
1.4956793426 1.8499191869 -49.73862932
1.4956793426 1.8892791696 -49.73873206
1.4956793426 1.9286391523 -49.73878140
1.4956793426 1.9679991350 -49.73885397
1.5350393253 0 -49.73932213
1.5350393253 .0393599827 -49.73933742
1.5350393253 .0787199654 -49.73931525
1.5350393253 .1180799481 -49.73929039
1.5350393253 .1574399308 -49.73928173
1.5350393253 .1967999135 -49.73922795
1.5350393253 .2361598962 -49.73920218
1.5350393253 .2755198789 -49.73915691
1.5350393253 .3148798616 -49.73909086
1.5350393253 .3542398443 -49.73905425
1.5350393253 .3935998270 -49.73897345
1.5350393253 .4329598097 -49.73890989
1.5350393253 .4723197924 -49.73884920
1.5350393253 .5116797751 -49.73875432
1.5350393253 .5510397578 -49.73869658
1.5350393253 .5903997405 -49.73860935
1.5350393253 .6297597232 -49.73852443
1.5350393253 .6691197059 -49.73846353
1.5350393253 .7084796886 -49.73836313
1.5350393253 .7478396713 -49.73829821
1.5350393253 .7871996540 -49.73822404
1.5350393253 .8265596367 -49.73813685
1.5350393253 .8659196194 -49.73809106
1.5350393253 .9052796021 -49.73801330
1.5350393253 .9446395848 -49.73796156
1.5350393253 .9839995675 -49.73792329
1.5350393253 1.0233595502 -49.73785776
1.5350393253 1.0627195329 -49.73783834
1.5350393253 1.1020795156 -49.73779935
1.5350393253 1.1414394983 -49.73776817
1.5350393253 1.1807994810 -49.73777119
1.5350393253 1.2201594637 -49.73774353
1.5350393253 1.2595194464 -49.73775789
1.5350393253 1.2988794291 -49.73777207
1.5350393253 1.3382394118 -49.73777591
1.5350393253 1.3775993945 -49.73782487
1.5350393253 1.4169593772 -49.73784366
1.5350393253 1.4563193599 -49.73788791
1.5350393253 1.4956793426 -49.73794803
1.5350393253 1.5350393253 -49.73797957
1.5350393253 1.5743993080 -49.73805594
1.5350393253 1.6137592907 -49.73811362
1.5350393253 1.6531192734 -49.73817474
1.5350393253 1.6924792561 -49.73826812
1.5350393253 1.7318392388 -49.73832468
1.5350393253 1.7711992215 -49.73841455
1.5350393253 1.8105592042 -49.73849780
1.5350393253 1.8499191869 -49.73856001
1.5350393253 1.8892791696 -49.73865972
1.5350393253 1.9286391523 -49.73872267
1.5350393253 1.9679991350 -49.73879978
1.5743993080 0 -49.73932676
1.5743993080 .0393599827 -49.73930059
1.5743993080 .0787199654 -49.73929982
1.5743993080 .1180799481 -49.73928676
1.5743993080 .1574399308 -49.73924018
1.5743993080 .1967999135 -49.73922846
1.5743993080 .2361598962 -49.73917001
1.5743993080 .2755198789 -49.73911933
1.5743993080 .3148798616 -49.73907955
1.5743993080 .3542398443 -49.73899364
1.5743993080 .3935998270 -49.73894466
1.5743993080 .4329598097 -49.73886816
1.5743993080 .4723197924 -49.73878096
1.5743993080 .5116797751 -49.73872443
1.5743993080 .5510397578 -49.73862029
1.5743993080 .5903997405 -49.73854545
1.5743993080 .6297597232 -49.73846707
1.5743993080 .6691197059 -49.73836124
1.5743993080 .7084796886 -49.73830027
1.5743993080 .7478396713 -49.73820326
1.5743993080 .7871996540 -49.73812198
1.5743993080 .8265596367 -49.73806320
1.5743993080 .8659196194 -49.73796685
1.5743993080 .9052796021 -49.73791745
1.5743993080 .9446395848 -49.73785260
1.5743993080 .9839995675 -49.73778544
1.5743993080 1.0233595502 -49.73776158
1.5743993080 1.0627195329 -49.73770041
1.5743993080 1.1020795156 -49.73767690
1.5743993080 1.1414394983 -49.73765973
1.5743993080 1.1807994810 -49.73762134
1.5743993080 1.2201594637 -49.73763574
1.5743993080 1.2595194464 -49.73762527
1.5743993080 1.2988794291 -49.73763567
1.5743993080 1.3382394118 -49.73767517
1.5743993080 1.3775993945 -49.73768023
1.5743993080 1.4169593772 -49.73773365
1.5743993080 1.4563193599 -49.73777468
1.5743993080 1.4956793426 -49.73781122
1.5743993080 1.5350393253 -49.73789241
1.5743993080 1.5743993080 -49.73793614
1.5743993080 1.6137592907 -49.73801427
1.5743993080 1.6531192734 -49.73809783
1.5743993080 1.6924792561 -49.73815412
1.5743993080 1.7318392388 -49.73825789
1.5743993080 1.7711992215 -49.73832911
1.5743993080 1.8105592042 -49.73840986
1.5743993080 1.8499191869 -49.73851413
1.5743993080 1.8892791696 -49.73857559
1.5743993080 1.9286391523 -49.73867602
1.5743993080 1.9679991350 -49.73875563
1.6137592907 0 -49.73931289
1.6137592907 .0393599827 -49.73928163
1.6137592907 .0787199654 -49.73928403
1.6137592907 .1180799481 -49.73927214
1.6137592907 .1574399308 -49.73921945
1.6137592907 .1967999135 -49.73921161
1.6137592907 .2361598962 -49.73914642
1.6137592907 .2755198789 -49.73909179
1.6137592907 .3148798616 -49.73905095
1.6137592907 .3542398443 -49.73895364
1.6137592907 .3935998270 -49.73890490
1.6137592907 .4329598097 -49.73882285
1.6137592907 .4723197924 -49.73872783
1.6137592907 .5116797751 -49.73867248
1.6137592907 .5510397578 -49.73855817
1.6137592907 .5903997405 -49.73848058
1.6137592907 .6297597232 -49.73839807
1.6137592907 .6691197059 -49.73828101
1.6137592907 .7084796886 -49.73822070
1.6137592907 .7478396713 -49.73811651
1.6137592907 .7871996540 -49.73803097
1.6137592907 .8265596367 -49.73797215
1.6137592907 .8659196194 -49.73786439
1.6137592907 .9052796021 -49.73781347
1.6137592907 .9446395848 -49.73774189
1.6137592907 .9839995675 -49.73766784
1.6137592907 1.0233595502 -49.73764784
1.6137592907 1.0627195329 -49.73758019
1.6137592907 1.1020795156 -49.73755791
1.6137592907 1.1414394983 -49.73754217
1.6137592907 1.1807994810 -49.73749734
1.6137592907 1.2201594637 -49.73751688
1.6137592907 1.2595194464 -49.73750334
1.6137592907 1.2988794291 -49.73751389
1.6137592907 1.3382394118 -49.73755888
1.6137592907 1.3775993945 -49.73755860
1.6137592907 1.4169593772 -49.73761753
1.6137592907 1.4563193599 -49.73765949
1.6137592907 1.4956793426 -49.73769502
1.6137592907 1.5350393253 -49.73778685
1.6137592907 1.5743993080 -49.73783161
1.6137592907 1.6137592907 -49.73791757
1.6137592907 1.6531192734 -49.73800838
1.6137592907 1.6924792561 -49.73806318
1.6137592907 1.7318392388 -49.73817640
1.6137592907 1.7711992215 -49.73824853
1.6137592907 1.8105592042 -49.73833410
1.6137592907 1.8499191869 -49.73844924
1.6137592907 1.8892791696 -49.73851038
1.6137592907 1.9286391523 -49.73861985
1.6137592907 1.9679991350 -49.73870372
1.6531192734 0 -49.73925771
1.6531192734 .0393599827 -49.73926636
1.6531192734 .0787199654 -49.73924858
1.6531192734 .1180799481 -49.73922509
1.6531192734 .1574399308 -49.73920646
1.6531192734 .1967999135 -49.73915403
1.6531192734 .2361598962 -49.73911404
1.6531192734 .2755198789 -49.73905746
1.6531192734 .3148798616 -49.73898312
1.6531192734 .3542398443 -49.73892376
1.6531192734 .3935998270 -49.73883542
1.6531192734 .4329598097 -49.73875598
1.6531192734 .4723197924 -49.73867758
1.6531192734 .5116797751 -49.73857683
1.6531192734 .5510397578 -49.73849790
1.6531192734 .5903997405 -49.73839805
1.6531192734 .6297597232 -49.73829701
1.6531192734 .6691197059 -49.73821166
1.6531192734 .7084796886 -49.73810403
1.6531192734 .7478396713 -49.73802150
1.6531192734 .7871996540 -49.73793518
1.6531192734 .8265596367 -49.73784113
1.6531192734 .8659196194 -49.73777177
1.6531192734 .9052796021 -49.73768289
1.6531192734 .9446395848 -49.73761259
1.6531192734 .9839995675 -49.73755787
1.6531192734 1.0233595502 -49.73749381
1.6531192734 1.0627195329 -49.73746387
1.6531192734 1.1020795156 -49.73742476
1.6531192734 1.1414394983 -49.73739326
1.6531192734 1.1807994810 -49.73738604
1.6531192734 1.2201594637 -49.73736418
1.6531192734 1.2595194464 -49.73737470
1.6531192734 1.2988794291 -49.73739069
1.6531192734 1.3382394118 -49.73740391
1.6531192734 1.3775993945 -49.73744779
1.6531192734 1.4169593772 -49.73747558
1.6531192734 1.4563193599 -49.73752337
1.6531192734 1.4956793426 -49.73758768
1.6531192734 1.5350393253 -49.73764223
1.6531192734 1.5743993080 -49.73772958
1.6531192734 1.6137592907 -49.73780629
1.6531192734 1.6531192734 -49.73788465
1.6531192734 1.6924792561 -49.73798250
1.6531192734 1.7318392388 -49.73805866
1.6531192734 1.7711992215 -49.73815828
1.6531192734 1.8105592042 -49.73825647
1.6531192734 1.8499191869 -49.73834336
1.6531192734 1.8892791696 -49.73845264
1.6531192734 1.9286391523 -49.73853584
1.6531192734 1.9679991350 -49.73862614
1.6924792561 0 -49.73923874
1.6924792561 .0393599827 -49.73926712
1.6924792561 .0787199654 -49.73923894
1.6924792561 .1180799481 -49.73920840
1.6924792561 .1574399308 -49.73920524
1.6924792561 .1967999135 -49.73912958
1.6924792561 .2361598962 -49.73910160
1.6924792561 .2755198789 -49.73904286
1.6924792561 .3148798616 -49.73895123
1.6924792561 .3542398443 -49.73891042
1.6924792561 .3935998270 -49.73880082
1.6924792561 .4329598097 -49.73871992
1.6924792561 .4723197924 -49.73864656
1.6924792561 .5116797751 -49.73852113
1.6924792561 .5510397578 -49.73845772
1.6924792561 .5903997405 -49.73834471
1.6924792561 .6297597232 -49.73823248
1.6924792561 .6691197059 -49.73816010
1.6924792561 .7084796886 -49.73802717
1.6924792561 .7478396713 -49.73795287
1.6924792561 .7871996540 -49.73786369
1.6924792561 .8265596367 -49.73774965
1.6924792561 .8659196194 -49.73769812
1.6924792561 .9052796021 -49.73758886
1.6924792561 .9446395848 -49.73751746
1.6924792561 .9839995675 -49.73746996
1.6924792561 1.0233595502 -49.73738206
1.6924792561 1.0627195329 -49.73736938
1.6924792561 1.1020795156 -49.73732074
1.6924792561 1.1414394983 -49.73728088
1.6924792561 1.1807994810 -49.73729214
1.6924792561 1.2201594637 -49.73725002
1.6924792561 1.2595194464 -49.73727239
1.6924792561 1.2988794291 -49.73729100
1.6924792561 1.3382394118 -49.73728867
1.6924792561 1.3775993945 -49.73735521
1.6924792561 1.4169593772 -49.73736929
1.6924792561 1.4563193599 -49.73742139
1.6924792561 1.4956793426 -49.73750230
1.6924792561 1.5350393253 -49.73754038
1.6924792561 1.5743993080 -49.73765057
1.6924792561 1.6137592907 -49.73772386
1.6924792561 1.6531192734 -49.73779814
1.6924792561 1.6924792561 -49.73791976
1.6924792561 1.7318392388 -49.73798013
1.6924792561 1.7711992215 -49.73809537
1.6924792561 1.8105592042 -49.73820219
1.6924792561 1.8499191869 -49.73827749
1.6924792561 1.8892791696 -49.73841259
1.6924792561 1.9286391523 -49.73848491
1.6924792561 1.9679991350 -49.73858044
1.7318392388 0 -49.73921607
1.7318392388 .0393599827 -49.73921064
1.7318392388 .0787199654 -49.73919774
1.7318392388 .1180799481 -49.73917429
1.7318392388 .1574399308 -49.73913919
1.7318392388 .1967999135 -49.73909653
1.7318392388 .2361598962 -49.73904292
1.7318392388 .2755198789 -49.73898155
1.7318392388 .3148798616 -49.73891301
1.7318392388 .3542398443 -49.73883472
1.7318392388 .3935998270 -49.73875081
1.7318392388 .4329598097 -49.73865893
1.7318392388 .4723197924 -49.73856255
1.7318392388 .5116797751 -49.73846616
1.7318392388 .5510397578 -49.73836522
1.7318392388 .5903997405 -49.73826236
1.7318392388 .6297597232 -49.73815680
1.7318392388 .6691197059 -49.73804933
1.7318392388 .7084796886 -49.73794643
1.7318392388 .7478396713 -49.73784567
1.7318392388 .7871996540 -49.73774957
1.7318392388 .8265596367 -49.73765747
1.7318392388 .8659196194 -49.73756670
1.7318392388 .9052796021 -49.73748177
1.7318392388 .9446395848 -49.73740196
1.7318392388 .9839995675 -49.73733108
1.7318392388 1.0233595502 -49.73727395
1.7318392388 1.0627195329 -49.73722604
1.7318392388 1.1020795156 -49.73718874
1.7318392388 1.1414394983 -49.73716000
1.7318392388 1.1807994810 -49.73713979
1.7318392388 1.2201594637 -49.73713224
1.7318392388 1.2595194464 -49.73713453
1.7318392388 1.2988794291 -49.73714836
1.7318392388 1.3382394118 -49.73717368
1.7318392388 1.3775993945 -49.73720610
1.7318392388 1.4169593772 -49.73724880
1.7318392388 1.4563193599 -49.73730095
1.7318392388 1.4956793426 -49.73736480
1.7318392388 1.5350393253 -49.73744129
1.7318392388 1.5743993080 -49.73752332
1.7318392388 1.6137592907 -49.73761161
1.7318392388 1.6531192734 -49.73770347
1.7318392388 1.6924792561 -49.73779675
1.7318392388 1.7318392388 -49.73789596
1.7318392388 1.7711992215 -49.73799733
1.7318392388 1.8105592042 -49.73810264
1.7318392388 1.8499191869 -49.73821022
1.7318392388 1.8892791696 -49.73831385
1.7318392388 1.9286391523 -49.73841624
1.7318392388 1.9679991350 -49.73851462
1.7711992215 0 -49.73922809
1.7711992215 .0393599827 -49.73919033
1.7711992215 .0787199654 -49.73919163
1.7711992215 .1180799481 -49.73917477
1.7711992215 .1574399308 -49.73910915
1.7711992215 .1967999135 -49.73909689
1.7711992215 .2361598962 -49.73901900
1.7711992215 .2755198789 -49.73895571
1.7711992215 .3148798616 -49.73890946
1.7711992215 .3542398443 -49.73879628
1.7711992215 .3935998270 -49.73873756
1.7711992215 .4329598097 -49.73863598
1.7711992215 .4723197924 -49.73851854
1.7711992215 .5116797751 -49.73844953
1.7711992215 .5510397578 -49.73831230
1.7711992215 .5903997405 -49.73821936
1.7711992215 .6297597232 -49.73812040
1.7711992215 .6691197059 -49.73797988
1.7711992215 .7084796886 -49.73790550
1.7711992215 .7478396713 -49.73777917
1.7711992215 .7871996540 -49.73767635
1.7711992215 .8265596367 -49.73760566
1.7711992215 .8659196194 -49.73747815
1.7711992215 .9052796021 -49.73741705
1.7711992215 .9446395848 -49.73732987
1.7711992215 .9839995675 -49.73723724
1.7711992215 1.0233595502 -49.73720952
1.7711992215 1.0627195329 -49.73712763
1.7711992215 1.1020795156 -49.73710042
1.7711992215 1.1414394983 -49.73708184
1.7711992215 1.1807994810 -49.73703070
1.7711992215 1.2201594637 -49.73705598
1.7711992215 1.2595194464 -49.73703894
1.7711992215 1.2988794291 -49.73704934
1.7711992215 1.3382394118 -49.73710130
1.7711992215 1.3775993945 -49.73710168
1.7711992215 1.4169593772 -49.73717267
1.7711992215 1.4563193599 -49.73722499
1.7711992215 1.4956793426 -49.73727206
1.7711992215 1.5350393253 -49.73738445
1.7711992215 1.5743993080 -49.73743935
1.7711992215 1.6137592907 -49.73754095
1.7711992215 1.6531192734 -49.73764895
1.7711992215 1.6924792561 -49.73771518
1.7711992215 1.7318392388 -49.73785136
1.7711992215 1.7711992215 -49.73794006
1.7711992215 1.8105592042 -49.73804396
1.7711992215 1.8499191869 -49.73818168
1.7711992215 1.8892791696 -49.73825511
1.7711992215 1.9286391523 -49.73838609
1.7711992215 1.9679991350 -49.73848796
1.8105592042 0 -49.73917172
1.8105592042 .0393599827 -49.73915650
1.8105592042 .0787199654 -49.73914618
1.8105592042 .1180799481 -49.73912195
1.8105592042 .1574399308 -49.73907397
1.8105592042 .1967999135 -49.73903574
1.8105592042 .2361598962 -49.73897086
1.8105592042 .2755198789 -49.73890631
1.8105592042 .3148798616 -49.73884290
1.8105592042 .3542398443 -49.73875251
1.8105592042 .3935998270 -49.73867307
1.8105592042 .4329598097 -49.73857407
1.8105592042 .4723197924 -49.73846530
1.8105592042 .5116797751 -49.73836866
1.8105592042 .5510397578 -49.73824858
1.8105592042 .5903997405 -49.73814146
1.8105592042 .6297597232 -49.73803222
1.8105592042 .6691197059 -49.73790930
1.8105592042 .7084796886 -49.73780734
1.8105592042 .7478396713 -49.73769109
1.8105592042 .7871996540 -49.73758656
1.8105592042 .8265596367 -49.73749534
1.8105592042 .8659196194 -49.73738902
1.8105592042 .9052796021 -49.73730709
1.8105592042 .9446395848 -49.73722147
1.8105592042 .9839995675 -49.73714031
1.8105592042 1.0233595502 -49.73708658
1.8105592042 1.0627195329 -49.73702269
1.8105592042 1.1020795156 -49.73698389
1.8105592042 1.1414394983 -49.73695581
1.8105592042 1.1807994810 -49.73692417
1.8105592042 1.2201594637 -49.73692554
1.8105592042 1.2595194464 -49.73692217
1.8105592042 1.2988794291 -49.73693687
1.8105592042 1.3382394118 -49.73697214
1.8105592042 1.3775993945 -49.73699838
1.8105592042 1.4169593772 -49.73705502
1.8105592042 1.4563193599 -49.73711297
1.8105592042 1.4956793426 -49.73717645
1.8105592042 1.5350393253 -49.73726714
1.8105592042 1.5743993080 -49.73734490
1.8105592042 1.6137592907 -49.73744149
1.8105592042 1.6531192734 -49.73754314
1.8105592042 1.6924792561 -49.73763442
1.8105592042 1.7318392388 -49.73775160
1.8105592042 1.7711992215 -49.73785734
1.8105592042 1.8105592042 -49.73796874
1.8105592042 1.8499191869 -49.73809073
1.8105592042 1.8892791696 -49.73819164
1.8105592042 1.9286391523 -49.73831042
1.8105592042 1.9679991350 -49.73841851
1.8499191869 0 -49.73913532
1.8499191869 .0393599827 -49.73915929
1.8499191869 .0787199654 -49.73912960
1.8499191869 .1180799481 -49.73909396
1.8499191869 .1574399308 -49.73907955
1.8499191869 .1967999135 -49.73899797
1.8499191869 .2361598962 -49.73895771
1.8499191869 .2755198789 -49.73889167
1.8499191869 .3148798616 -49.73879791
1.8499191869 .3542398443 -49.73874853
1.8499191869 .3935998270 -49.73863389
1.8499191869 .4329598097 -49.73854133
1.8499191869 .4723197924 -49.73845080
1.8499191869 .5116797751 -49.73830985
1.8499191869 .5510397578 -49.73822411
1.8499191869 .5903997405 -49.73809589
1.8499191869 .6297597232 -49.73797129
1.8499191869 .6691197059 -49.73788183
1.8499191869 .7084796886 -49.73773552
1.8499191869 .7478396713 -49.73764128
1.8499191869 .7871996540 -49.73753584
1.8499191869 .8265596367 -49.73741121
1.8499191869 .8659196194 -49.73734413
1.8499191869 .9052796021 -49.73722759
1.8499191869 .9446395848 -49.73714682
1.8499191869 .9839995675 -49.73708712
1.8499191869 1.0233595502 -49.73698999
1.8499191869 1.0627195329 -49.73696110
1.8499191869 1.1020795156 -49.73690489
1.8499191869 1.1414394983 -49.73686045
1.8499191869 1.1807994810 -49.73686478
1.8499191869 1.2201594637 -49.73682472
1.8499191869 1.2595194464 -49.73684548
1.8499191869 1.2988794291 -49.73686611
1.8499191869 1.3382394118 -49.73687144
1.8499191869 1.3775993945 -49.73694146
1.8499191869 1.4169593772 -49.73696925
1.8499191869 1.4563193599 -49.73703453
1.8499191869 1.4956793426 -49.73712475
1.8499191869 1.5350393253 -49.73717563
1.8499191869 1.5743993080 -49.73729190
1.8499191869 1.6137592907 -49.73737753
1.8499191869 1.6531192734 -49.73746560
1.8499191869 1.6924792561 -49.73759845
1.8499191869 1.7318392388 -49.73767941
1.8499191869 1.7711992215 -49.73781049
1.8499191869 1.8105592042 -49.73793206
1.8499191869 1.8499191869 -49.73802356
1.8499191869 1.8892791696 -49.73816975
1.8499191869 1.9286391523 -49.73826292
1.8499191869 1.9679991350 -49.73837755
1.8892791696 0 -49.73910877
1.8892791696 .0393599827 -49.73912451
1.8892791696 .0787199654 -49.73909858
1.8892791696 .1180799481 -49.73906512
1.8892791696 .1574399308 -49.73904250
1.8892791696 .1967999135 -49.73896831
1.8892791696 .2361598962 -49.73892066
1.8892791696 .2755198789 -49.73885202
1.8892791696 .3148798616 -49.73876232
1.8892791696 .3542398443 -49.73870255
1.8892791696 .3935998270 -49.73859356
1.8892791696 .4329598097 -49.73849712
1.8892791696 .4723197924 -49.73839976
1.8892791696 .5116797751 -49.73826421
1.8892791696 .5510397578 -49.73816695
1.8892791696 .5903997405 -49.73803983
1.8892791696 .6297597232 -49.73791511
1.8892791696 .6691197059 -49.73781548
1.8892791696 .7084796886 -49.73767596
1.8892791696 .7478396713 -49.73757361
1.8892791696 .7871996540 -49.73746332
1.8892791696 .8265596367 -49.73734110
1.8892791696 .8659196194 -49.73726190
1.8892791696 .9052796021 -49.73715016
1.8892791696 .9446395848 -49.73706619
1.8892791696 .9839995675 -49.73699973
1.8892791696 1.0233595502 -49.73690930
1.8892791696 1.0627195329 -49.73687100
1.8892791696 1.1020795156 -49.73681639
1.8892791696 1.1414394983 -49.73677333
1.8892791696 1.1807994810 -49.73676894
1.8892791696 1.2201594637 -49.73673720
1.8892791696 1.2595194464 -49.73675293
1.8892791696 1.2988794291 -49.73677313
1.8892791696 1.3382394118 -49.73678634
1.8892791696 1.3775993945 -49.73684944
1.8892791696 1.4169593772 -49.73688524
1.8892791696 1.4563193599 -49.73695123
1.8892791696 1.4956793426 -49.73703816
1.8892791696 1.5350393253 -49.73709972
1.8892791696 1.5743993080 -49.73721000
1.8892791696 1.6137592907 -49.73730104
1.8892791696 1.6531192734 -49.73739625
1.8892791696 1.6924792561 -49.73752540
1.8892791696 1.7318392388 -49.73761836
1.8892791696 1.7711992215 -49.73774688
1.8892791696 1.8105592042 -49.73786930
1.8892791696 1.8499191869 -49.73797025
1.8892791696 1.8892791696 -49.73811033
1.8892791696 1.9286391523 -49.73821275
1.8892791696 1.9679991350 -49.73833013
1.9286391523 0 -49.73911160
1.9286391523 .0393599827 -49.73908537
1.9286391523 .0787199654 -49.73908016
1.9286391523 .1180799481 -49.73905794
1.9286391523 .1574399308 -49.73899802
1.9286391523 .1967999135 -49.73896836
1.9286391523 .2361598962 -49.73889080
1.9286391523 .2755198789 -49.73881933
1.9286391523 .3148798616 -49.73875786
1.9286391523 .3542398443 -49.73865064
1.9286391523 .3935998270 -49.73857588
1.9286391523 .4329598097 -49.73846860
1.9286391523 .4723197924 -49.73834637
1.9286391523 .5116797751 -49.73825177
1.9286391523 .5510397578 -49.73811097
1.9286391523 .5903997405 -49.73800046
1.9286391523 .6297597232 -49.73788664
1.9286391523 .6691197059 -49.73774619
1.9286391523 .7084796886 -49.73764886
1.9286391523 .7478396713 -49.73751695
1.9286391523 .7871996540 -49.73740014
1.9286391523 .8265596367 -49.73730616
1.9286391523 .8659196194 -49.73717896
1.9286391523 .9052796021 -49.73709949
1.9286391523 .9446395848 -49.73700606
1.9286391523 .9839995675 -49.73691256
1.9286391523 1.0233595502 -49.73686420
1.9286391523 1.0627195329 -49.73678457
1.9286391523 1.1020795156 -49.73674497
1.9286391523 1.1414394983 -49.73671648
1.9286391523 1.1807994810 -49.73667210
1.9286391523 1.2201594637 -49.73668369
1.9286391523 1.2595194464 -49.73667426
1.9286391523 1.2988794291 -49.73668898
1.9286391523 1.3382394118 -49.73673668
1.9286391523 1.3775993945 -49.73675610
1.9286391523 1.4169593772 -49.73682643
1.9286391523 1.4563193599 -49.73688909
1.9286391523 1.4956793426 -49.73695147
1.9286391523 1.5350393253 -49.73705970
1.9286391523 1.5743993080 -49.73713323
1.9286391523 1.6137592907 -49.73724139
1.9286391523 1.6531192734 -49.73735798
1.9286391523 1.6924792561 -49.73745017
1.9286391523 1.7318392388 -49.73758896
1.9286391523 1.7711992215 -49.73769578
1.9286391523 1.8105592042 -49.73781229
1.9286391523 1.8499191869 -49.73795118
1.9286391523 1.8892791696 -49.73804850
1.9286391523 1.9286391523 -49.73818472
1.9286391523 1.9679991350 -49.73830215
1.9679991350 0 -49.73910287
1.9679991350 .0393599827 -49.73906964
1.9679991350 .0787199654 -49.73906746
1.9679991350 .1180799481 -49.73904682
1.9679991350 .1574399308 -49.73898111
1.9679991350 .1967999135 -49.73895923
1.9679991350 .2361598962 -49.73887750
1.9679991350 .2755198789 -49.73880538
1.9679991350 .3148798616 -49.73874627
1.9679991350 .3542398443 -49.73862826
1.9679991350 .3935998270 -49.73855664
1.9679991350 .4329598097 -49.73844625
1.9679991350 .4723197924 -49.73831922
1.9679991350 .5116797751 -49.73823105
1.9679991350 .5510397578 -49.73808266
1.9679991350 .5903997405 -49.73797254
1.9679991350 .6297597232 -49.73785867
1.9679991350 .6691197059 -49.73770966
1.9679991350 .7084796886 -49.73761723
1.9679991350 .7478396713 -49.73747872
1.9679991350 .7871996540 -49.73735887
1.9679991350 .8265596367 -49.73726754
1.9679991350 .8659196194 -49.73713049
1.9679991350 .9052796021 -49.73705411
1.9679991350 .9446395848 -49.73695739
1.9679991350 .9839995675 -49.73685756
1.9679991350 1.0233595502 -49.73681461
1.9679991350 1.0627195329 -49.73672709
1.9679991350 1.1020795156 -49.73668936
1.9679991350 1.1414394983 -49.73666311
1.9679991350 1.1807994810 -49.73661322
1.9679991350 1.2201594637 -49.73663254
1.9679991350 1.2595194464 -49.73661883
1.9679991350 1.2988794291 -49.73663159
1.9679991350 1.3382394118 -49.73668448
1.9679991350 1.3775993945 -49.73669710
1.9679991350 1.4169593772 -49.73677405
1.9679991350 1.4563193599 -49.73683730
1.9679991350 1.4956793426 -49.73689745
1.9679991350 1.5350393253 -49.73701518
1.9679991350 1.5743993080 -49.73708482
1.9679991350 1.6137592907 -49.73719760
1.9679991350 1.6531192734 -49.73731977
1.9679991350 1.6924792561 -49.73740798
1.9679991350 1.7318392388 -49.73755597
1.9679991350 1.7711992215 -49.73766119
1.9679991350 1.8105592042 -49.73777876
1.9679991350 1.8499191869 -49.73792560
1.9679991350 1.8892791696 -49.73801816
1.9679991350 1.9286391523 -49.73816150
1.9679991350 1.9679991350 -49.73827879
