0 0 1.9216
0 .0393599827 1.9221
0 .0787199654 1.9227
0 .1180799481 1.9239
0 .1574399308 1.9255
0 .1967999135 1.9275
0 .2361598962 1.9299
0 .2755198789 1.9329
0 .3148798616 1.9364
0 .3542398443 1.9405
0 .3935998270 1.9451
0 .4329598097 1.9502
0 .4723197924 1.9559
0 .5116797751 1.9620
0 .5510397578 1.9686
0 .5903997405 1.9757
0 .6297597232 1.9832
0 .6691197059 1.9910
0 .7084796886 1.9990
0 .7478396713 2.0071
0 .7871996540 2.0150
0 .8265596367 2.0227
0 .8659196194 2.0300
0 .9052796021 2.0366
0 .9446395848 2.0425
0 .9839995675 2.0476
0 1.0233595502 2.0521
0 1.0627195329 2.0556
0 1.1020795156 2.0584
0 1.1414394983 2.0603
0 1.1807994810 2.0615
0 1.2201594637 2.0621
0 1.2595194464 2.0618
0 1.2988794291 2.0609
0 1.3382394118 2.0593
0 1.3775993945 2.0571
0 1.4169593772 2.0540
0 1.4563193599 2.0500
0 1.4956793426 2.0452
0 1.5350393253 2.0396
0 1.5743993080 2.0334
0 1.6137592907 2.0264
0 1.6531192734 2.0186
0 1.6924792561 2.0111
0 1.7318392388 2.0030
0 1.7711992215 1.9950
0 1.8105592042 1.9871
0 1.8499191869 1.9794
0 1.8892791696 1.9721
0 1.9286391523 1.9652
0 1.9679991350 1.9589
.0393599827 0 1.9222
.0393599827 .0393599827 1.9223
.0393599827 .0787199654 1.9230
.0393599827 .1180799481 1.9241
.0393599827 .1574399308 1.9257
.0393599827 .1967999135 1.9277
.0393599827 .2361598962 1.9302
.0393599827 .2755198789 1.9332
.0393599827 .3148798616 1.9367
.0393599827 .3542398443 1.9409
.0393599827 .3935998270 1.9455
.0393599827 .4329598097 1.9506
.0393599827 .4723197924 1.9562
.0393599827 .5116797751 1.9623
.0393599827 .5510397578 1.9689
.0393599827 .5903997405 1.9759
.0393599827 .6297597232 1.9834
.0393599827 .6691197059 1.9913
.0393599827 .7084796886 1.9995
.0393599827 .7478396713 2.0073
.0393599827 .7871996540 2.0153
.0393599827 .8265596367 2.0230
.0393599827 .8659196194 2.0302
.0393599827 .9052796021 2.0369
.0393599827 .9446395848 2.0427
.0393599827 .9839995675 2.0479
.0393599827 1.0233595502 2.0523
.0393599827 1.0627195329 2.0558
.0393599827 1.1020795156 2.0586
.0393599827 1.1414394983 2.0605
.0393599827 1.1807994810 2.0617
.0393599827 1.2201594637 2.0622
.0393599827 1.2595194464 2.0620
.0393599827 1.2988794291 2.0612
.0393599827 1.3382394118 2.0596
.0393599827 1.3775993945 2.0573
.0393599827 1.4169593772 2.0544
.0393599827 1.4563193599 2.0502
.0393599827 1.4956793426 2.0454
.0393599827 1.5350393253 2.0398
.0393599827 1.5743993080 2.0336
.0393599827 1.6137592907 2.0266
.0393599827 1.6531192734 2.0192
.0393599827 1.6924792561 2.0113
.0393599827 1.7318392388 2.0032
.0393599827 1.7711992215 1.9952
.0393599827 1.8105592042 1.9873
.0393599827 1.8499191869 1.9796
.0393599827 1.8892791696 1.9723
.0393599827 1.9286391523 1.9655
.0393599827 1.9679991350 1.9593
.0787199654 0 1.9228
.0787199654 .0393599827 1.9230
.0787199654 .0787199654 1.9237
.0787199654 .1180799481 1.9248
.0787199654 .1574399308 1.9264
.0787199654 .1967999135 1.9284
.0787199654 .2361598962 1.9309
.0787199654 .2755198789 1.9339
.0787199654 .3148798616 1.9375
.0787199654 .3542398443 1.9415
.0787199654 .3935998270 1.9462
.0787199654 .4329598097 1.9513
.0787199654 .4723197924 1.9569
.0787199654 .5116797751 1.9631
.0787199654 .5510397578 1.9697
.0787199654 .5903997405 1.9767
.0787199654 .6297597232 1.9842
.0787199654 .6691197059 1.9920
.0787199654 .7084796886 2.0003
.0787199654 .7478396713 2.0081
.0787199654 .7871996540 2.0160
.0787199654 .8265596367 2.0237
.0787199654 .8659196194 2.0309
.0787199654 .9052796021 2.0376
.0787199654 .9446395848 2.0434
.0787199654 .9839995675 2.0485
.0787199654 1.0233595502 2.0528
.0787199654 1.0627195329 2.0563
.0787199654 1.1020795156 2.0591
.0787199654 1.1414394983 2.0610
.0787199654 1.1807994810 2.0622
.0787199654 1.2201594637 2.0627
.0787199654 1.2595194464 2.0626
.0787199654 1.2988794291 2.0617
.0787199654 1.3382394118 2.0602
.0787199654 1.3775993945 2.0578
.0787199654 1.4169593772 2.0547
.0787199654 1.4563193599 2.0508
.0787199654 1.4956793426 2.0461
.0787199654 1.5350393253 2.0405
.0787199654 1.5743993080 2.0343
.0787199654 1.6137592907 2.0274
.0787199654 1.6531192734 2.0199
.0787199654 1.6924792561 2.0121
.0787199654 1.7318392388 2.0041
.0787199654 1.7711992215 1.9961
.0787199654 1.8105592042 1.9881
.0787199654 1.8499191869 1.9804
.0787199654 1.8892791696 1.9731
.0787199654 1.9286391523 1.9663
.0787199654 1.9679991350 1.9600
.1180799481 0 1.9240
.1180799481 .0393599827 1.9242
.1180799481 .0787199654 1.9249
.1180799481 .1180799481 1.9259
.1180799481 .1574399308 1.9275
.1180799481 .1967999135 1.9296
.1180799481 .2361598962 1.9321
.1180799481 .2755198789 1.9351
.1180799481 .3148798616 1.9386
.1180799481 .3542398443 1.9426
.1180799481 .3935998270 1.9474
.1180799481 .4329598097 1.9526
.1180799481 .4723197924 1.9582
.1180799481 .5116797751 1.9643
.1180799481 .5510397578 1.9710
.1180799481 .5903997405 1.9780
.1180799481 .6297597232 1.9856
.1180799481 .6691197059 1.9936
.1180799481 .7084796886 2.0016
.1180799481 .7478396713 2.0097
.1180799481 .7871996540 2.0174
.1180799481 .8265596367 2.0250
.1180799481 .8659196194 2.0322
.1180799481 .9052796021 2.0388
.1180799481 .9446395848 2.0445
.1180799481 .9839995675 2.0495
.1180799481 1.0233595502 2.0538
.1180799481 1.0627195329 2.0572
.1180799481 1.1020795156 2.0600
.1180799481 1.1414394983 2.0619
.1180799481 1.1807994810 2.0631
.1180799481 1.2201594637 2.0636
.1180799481 1.2595194464 2.0635
.1180799481 1.2988794291 2.0626
.1180799481 1.3382394118 2.0611
.1180799481 1.3775993945 2.0587
.1180799481 1.4169593772 2.0556
.1180799481 1.4563193599 2.0518
.1180799481 1.4956793426 2.0471
.1180799481 1.5350393253 2.0417
.1180799481 1.5743993080 2.0355
.1180799481 1.6137592907 2.0286
.1180799481 1.6531192734 2.0212
.1180799481 1.6924792561 2.0134
.1180799481 1.7318392388 2.0054
.1180799481 1.7711992215 1.9974
.1180799481 1.8105592042 1.9895
.1180799481 1.8499191869 1.9818
.1180799481 1.8892791696 1.9744
.1180799481 1.9286391523 1.9676
.1180799481 1.9679991350 1.9612
.1574399308 0 1.9256
.1574399308 .0393599827 1.9257
.1574399308 .0787199654 1.9263
.1574399308 .1180799481 1.9275
.1574399308 .1574399308 1.9291
.1574399308 .1967999135 1.9311
.1574399308 .2361598962 1.9337
.1574399308 .2755198789 1.9367
.1574399308 .3148798616 1.9403
.1574399308 .3542398443 1.9443
.1574399308 .3935998270 1.9491
.1574399308 .4329598097 1.9542
.1574399308 .4723197924 1.9599
.1574399308 .5116797751 1.9661
.1574399308 .5510397578 1.9728
.1574399308 .5903997405 1.9799
.1574399308 .6297597232 1.9875
.1574399308 .6691197059 1.9954
.1574399308 .7084796886 2.0035
.1574399308 .7478396713 2.0115
.1574399308 .7871996540 2.0191
.1574399308 .8265596367 2.0267
.1574399308 .8659196194 2.0338
.1574399308 .9052796021 2.0403
.1574399308 .9446395848 2.0460
.1574399308 .9839995675 2.0509
.1574399308 1.0233595502 2.0551
.1574399308 1.0627195329 2.0585
.1574399308 1.1020795156 2.0612
.1574399308 1.1414394983 2.0631
.1574399308 1.1807994810 2.0643
.1574399308 1.2201594637 2.0648
.1574399308 1.2595194464 2.0647
.1574399308 1.2988794291 2.0638
.1574399308 1.3382394118 2.0622
.1574399308 1.3775993945 2.0599
.1574399308 1.4169593772 2.0569
.1574399308 1.4563193599 2.0531
.1574399308 1.4956793426 2.0486
.1574399308 1.5350393253 2.0433
.1574399308 1.5743993080 2.0372
.1574399308 1.6137592907 2.0303
.1574399308 1.6531192734 2.0229
.1574399308 1.6924792561 2.0152
.1574399308 1.7318392388 2.0073
.1574399308 1.7711992215 1.9993
.1574399308 1.8105592042 1.9913
.1574399308 1.8499191869 1.9836
.1574399308 1.8892791696 1.9763
.1574399308 1.9286391523 1.9694
.1574399308 1.9679991350 1.9630
.1967999135 0 1.9276
.1967999135 .0393599827 1.9279
.1967999135 .0787199654 1.9286
.1967999135 .1180799481 1.9295
.1967999135 .1574399308 1.9311
.1967999135 .1967999135 1.9332
.1967999135 .2361598962 1.9357
.1967999135 .2755198789 1.9388
.1967999135 .3148798616 1.9424
.1967999135 .3542398443 1.9465
.1967999135 .3935998270 1.9513
.1967999135 .4329598097 1.9565
.1967999135 .4723197924 1.9622
.1967999135 .5116797751 1.9684
.1967999135 .5510397578 1.9751
.1967999135 .5903997405 1.9823
.1967999135 .6297597232 1.9898
.1967999135 .6691197059 1.9977
.1967999135 .7084796886 2.0057
.1967999135 .7478396713 2.0136
.1967999135 .7871996540 2.0214
.1967999135 .8265596367 2.0289
.1967999135 .8659196194 2.0359
.1967999135 .9052796021 2.0422
.1967999135 .9446395848 2.0478
.1967999135 .9839995675 2.0527
.1967999135 1.0233595502 2.0567
.1967999135 1.0627195329 2.0600
.1967999135 1.1020795156 2.0626
.1967999135 1.1414394983 2.0645
.1967999135 1.1807994810 2.0657
.1967999135 1.2201594637 2.0663
.1967999135 1.2595194464 2.0661
.1967999135 1.2988794291 2.0652
.1967999135 1.3382394118 2.0637
.1967999135 1.3775993945 2.0615
.1967999135 1.4169593772 2.0585
.1967999135 1.4563193599 2.0548
.1967999135 1.4956793426 2.0506
.1967999135 1.5350393253 2.0452
.1967999135 1.5743993080 2.0391
.1967999135 1.6137592907 2.0324
.1967999135 1.6531192734 2.0251
.1967999135 1.6924792561 2.0175
.1967999135 1.7318392388 2.0096
.1967999135 1.7711992215 2.0016
.1967999135 1.8105592042 1.9937
.1967999135 1.8499191869 1.9860
.1967999135 1.8892791696 1.9787
.1967999135 1.9286391523 1.9717
.1967999135 1.9679991350 1.9652
.2361598962 0 1.9301
.2361598962 .0393599827 1.9305
.2361598962 .0787199654 1.9309
.2361598962 .1180799481 1.9320
.2361598962 .1574399308 1.9337
.2361598962 .1967999135 1.9358
.2361598962 .2361598962 1.9384
.2361598962 .2755198789 1.9415
.2361598962 .3148798616 1.9451
.2361598962 .3542398443 1.9493
.2361598962 .3935998270 1.9540
.2361598962 .4329598097 1.9592
.2361598962 .4723197924 1.9649
.2361598962 .5116797751 1.9712
.2361598962 .5510397578 1.9779
.2361598962 .5903997405 1.9851
.2361598962 .6297597232 1.9926
.2361598962 .6691197059 2.0005
.2361598962 .7084796886 2.0084
.2361598962 .7478396713 2.0164
.2361598962 .7871996540 2.0242
.2361598962 .8265596367 2.0313
.2361598962 .8659196194 2.0382
.2361598962 .9052796021 2.0444
.2361598962 .9446395848 2.0499
.2361598962 .9839995675 2.0546
.2361598962 1.0233595502 2.0586
.2361598962 1.0627195329 2.0618
.2361598962 1.1020795156 2.0643
.2361598962 1.1414394983 2.0662
.2361598962 1.1807994810 2.0673
.2361598962 1.2201594637 2.0679
.2361598962 1.2595194464 2.0677
.2361598962 1.2988794291 2.0668
.2361598962 1.3382394118 2.0654
.2361598962 1.3775993945 2.0632
.2361598962 1.4169593772 2.0603
.2361598962 1.4563193599 2.0567
.2361598962 1.4956793426 2.0524
.2361598962 1.5350393253 2.0473
.2361598962 1.5743993080 2.0414
.2361598962 1.6137592907 2.0348
.2361598962 1.6531192734 2.0277
.2361598962 1.6924792561 2.0201
.2361598962 1.7318392388 2.0124
.2361598962 1.7711992215 2.0045
.2361598962 1.8105592042 1.9965
.2361598962 1.8499191869 1.9888
.2361598962 1.8892791696 1.9815
.2361598962 1.9286391523 1.9745
.2361598962 1.9679991350 1.9680
.2755198789 0 1.9331
.2755198789 .0393599827 1.9333
.2755198789 .0787199654 1.9339
.2755198789 .1180799481 1.9351
.2755198789 .1574399308 1.9367
.2755198789 .1967999135 1.9389
.2755198789 .2361598962 1.9415
.2755198789 .2755198789 1.9447
.2755198789 .3148798616 1.9483
.2755198789 .3542398443 1.9525
.2755198789 .3935998270 1.9573
.2755198789 .4329598097 1.9624
.2755198789 .4723197924 1.9682
.2755198789 .5116797751 1.9745
.2755198789 .5510397578 1.9812
.2755198789 .5903997405 1.9884
.2755198789 .6297597232 1.9959
.2755198789 .6691197059 2.0037
.2755198789 .7084796886 2.0117
.2755198789 .7478396713 2.0195
.2755198789 .7871996540 2.0271
.2755198789 .8265596367 2.0342
.2755198789 .8659196194 2.0408
.2755198789 .9052796021 2.0469
.2755198789 .9446395848 2.0522
.2755198789 .9839995675 2.0568
.2755198789 1.0233595502 2.0607
.2755198789 1.0627195329 2.0637
.2755198789 1.1020795156 2.0662
.2755198789 1.1414394983 2.0680
.2755198789 1.1807994810 2.0691
.2755198789 1.2201594637 2.0696
.2755198789 1.2595194464 2.0695
.2755198789 1.2988794291 2.0686
.2755198789 1.3382394118 2.0671
.2755198789 1.3775993945 2.0651
.2755198789 1.4169593772 2.0624
.2755198789 1.4563193599 2.0589
.2755198789 1.4956793426 2.0547
.2755198789 1.5350393253 2.0497
.2755198789 1.5743993080 2.0440
.2755198789 1.6137592907 2.0376
.2755198789 1.6531192734 2.0306
.2755198789 1.6924792561 2.0232
.2755198789 1.7318392388 2.0155
.2755198789 1.7711992215 2.0077
.2755198789 1.8105592042 1.9999
.2755198789 1.8499191869 1.9921
.2755198789 1.8892791696 1.9847
.2755198789 1.9286391523 1.9778
.2755198789 1.9679991350 1.9712
.3148798616 0 1.9366
.3148798616 .0393599827 1.9368
.3148798616 .0787199654 1.9375
.3148798616 .1180799481 1.9386
.3148798616 .1574399308 1.9403
.3148798616 .1967999135 1.9425
.3148798616 .2361598962 1.9452
.3148798616 .2755198789 1.9483
.3148798616 .3148798616 1.9520
.3148798616 .3542398443 1.9562
.3148798616 .3935998270 1.9609
.3148798616 .4329598097 1.9662
.3148798616 .4723197924 1.9720
.3148798616 .5116797751 1.9782
.3148798616 .5510397578 1.9849
.3148798616 .5903997405 1.9921
.3148798616 .6297597232 1.9996
.3148798616 .6691197059 2.0073
.3148798616 .7084796886 2.0151
.3148798616 .7478396713 2.0228
.3148798616 .7871996540 2.0302
.3148798616 .8265596367 2.0373
.3148798616 .8659196194 2.0437
.3148798616 .9052796021 2.0495
.3148798616 .9446395848 2.0547
.3148798616 .9839995675 2.0591
.3148798616 1.0233595502 2.0628
.3148798616 1.0627195329 2.0658
.3148798616 1.1020795156 2.0681
.3148798616 1.1414394983 2.0698
.3148798616 1.1807994810 2.0708
.3148798616 1.2201594637 2.0713
.3148798616 1.2595194464 2.0712
.3148798616 1.2988794291 2.0704
.3148798616 1.3382394118 2.0691
.3148798616 1.3775993945 2.0670
.3148798616 1.4169593772 2.0644
.3148798616 1.4563193599 2.0611
.3148798616 1.4956793426 2.0570
.3148798616 1.5350393253 2.0522
.3148798616 1.5743993080 2.0467
.3148798616 1.6137592907 2.0406
.3148798616 1.6531192734 2.0338
.3148798616 1.6924792561 2.0266
.3148798616 1.7318392388 2.0190
.3148798616 1.7711992215 2.0112
.3148798616 1.8105592042 2.0034
.3148798616 1.8499191869 1.9958
.3148798616 1.8892791696 1.9884
.3148798616 1.9286391523 1.9815
.3148798616 1.9679991350 1.9750
.3542398443 0 1.9406
.3542398443 .0393599827 1.9408
.3542398443 .0787199654 1.9414
.3542398443 .1180799481 1.9427
.3542398443 .1574399308 1.9444
.3542398443 .1967999135 1.9466
.3542398443 .2361598962 1.9493
.3542398443 .2755198789 1.9525
.3542398443 .3148798616 1.9562
.3542398443 .3542398443 1.9604
.3542398443 .3935998270 1.9651
.3542398443 .4329598097 1.9704
.3542398443 .4723197924 1.9762
.3542398443 .5116797751 1.9824
.3542398443 .5510397578 1.9892
.3542398443 .5903997405 1.9962
.3542398443 .6297597232 2.0036
.3542398443 .6691197059 2.0112
.3542398443 .7084796886 2.0189
.3542398443 .7478396713 2.0264
.3542398443 .7871996540 2.0337
.3542398443 .8265596367 2.0405
.3542398443 .8659196194 2.0467
.3542398443 .9052796021 2.0523
.3542398443 .9446395848 2.0572
.3542398443 .9839995675 2.0615
.3542398443 1.0233595502 2.0650
.3542398443 1.0627195329 2.0679
.3542398443 1.1020795156 2.0701
.3542398443 1.1414394983 2.0717
.3542398443 1.1807994810 2.0726
.3542398443 1.2201594637 2.0731
.3542398443 1.2595194464 2.0731
.3542398443 1.2988794291 2.0723
.3542398443 1.3382394118 2.0710
.3542398443 1.3775993945 2.0691
.3542398443 1.4169593772 2.0665
.3542398443 1.4563193599 2.0635
.3542398443 1.4956793426 2.0595
.3542398443 1.5350393253 2.0549
.3542398443 1.5743993080 2.0496
.3542398443 1.6137592907 2.0437
.3542398443 1.6531192734 2.0372
.3542398443 1.6924792561 2.0302
.3542398443 1.7318392388 2.0227
.3542398443 1.7711992215 2.0151
.3542398443 1.8105592042 2.0074
.3542398443 1.8499191869 2.0000
.3542398443 1.8892791696 1.9927
.3542398443 1.9286391523 1.9857
.3542398443 1.9679991350 1.9793
.3935998270 0 1.9452
.3935998270 .0393599827 1.9456
.3935998270 .0787199654 1.9461
.3935998270 .1180799481 1.9473
.3935998270 .1574399308 1.9491
.3935998270 .1967999135 1.9513
.3935998270 .2361598962 1.9540
.3935998270 .2755198789 1.9572
.3935998270 .3148798616 1.9609
.3935998270 .3542398443 1.9651
.3935998270 .3935998270 1.9698
.3935998270 .4329598097 1.9751
.3935998270 .4723197924 1.9809
.3935998270 .5116797751 1.9871
.3935998270 .5510397578 1.9938
.3935998270 .5903997405 2.0007
.3935998270 .6297597232 2.0081
.3935998270 .6691197059 2.0155
.3935998270 .7084796886 2.0230
.3935998270 .7478396713 2.0303
.3935998270 .7871996540 2.0373
.3935998270 .8265596367 2.0438
.3935998270 .8659196194 2.0498
.3935998270 .9052796021 2.0551
.3935998270 .9446395848 2.0598
.3935998270 .9839995675 2.0638
.3935998270 1.0233595502 2.0671
.3935998270 1.0627195329 2.0699
.3935998270 1.1020795156 2.0720
.3935998270 1.1414394983 2.0736
.3935998270 1.1807994810 2.0746
.3935998270 1.2201594637 2.0750
.3935998270 1.2595194464 2.0749
.3935998270 1.2988794291 2.0743
.3935998270 1.3382394118 2.0729
.3935998270 1.3775993945 2.0710
.3935998270 1.4169593772 2.0686
.3935998270 1.4563193599 2.0656
.3935998270 1.4956793426 2.0620
.3935998270 1.5350393253 2.0576
.3935998270 1.5743993080 2.0527
.3935998270 1.6137592907 2.0470
.3935998270 1.6531192734 2.0407
.3935998270 1.6924792561 2.0340
.3935998270 1.7318392388 2.0267
.3935998270 1.7711992215 2.0193
.3935998270 1.8105592042 2.0118
.3935998270 1.8499191869 2.0044
.3935998270 1.8892791696 1.9973
.3935998270 1.9286391523 1.9904
.3935998270 1.9679991350 1.9840
.4329598097 0 1.9503
.4329598097 .0393599827 1.9508
.4329598097 .0787199654 1.9513
.4329598097 .1180799481 1.9525
.4329598097 .1574399308 1.9542
.4329598097 .1967999135 1.9564
.4329598097 .2361598962 1.9591
.4329598097 .2755198789 1.9622
.4329598097 .3148798616 1.9660
.4329598097 .3542398443 1.9702
.4329598097 .3935998270 1.9749
.4329598097 .4329598097 1.9802
.4329598097 .4723197924 1.9859
.4329598097 .5116797751 1.9922
.4329598097 .5510397578 1.9987
.4329598097 .5903997405 2.0056
.4329598097 .6297597232 2.0129
.4329598097 .6691197059 2.0201
.4329598097 .7084796886 2.0272
.4329598097 .7478396713 2.0342
.4329598097 .7871996540 2.0409
.4329598097 .8265596367 2.0472
.4329598097 .8659196194 2.0528
.4329598097 .9052796021 2.0579
.4329598097 .9446395848 2.0623
.4329598097 .9839995675 2.0662
.4329598097 1.0233595502 2.0693
.4329598097 1.0627195329 2.0719
.4329598097 1.1020795156 2.0739
.4329598097 1.1414394983 2.0755
.4329598097 1.1807994810 2.0764
.4329598097 1.2201594637 2.0769
.4329598097 1.2595194464 2.0767
.4329598097 1.2988794291 2.0760
.4329598097 1.3382394118 2.0748
.4329598097 1.3775993945 2.0730
.4329598097 1.4169593772 2.0708
.4329598097 1.4563193599 2.0679
.4329598097 1.4956793426 2.0644
.4329598097 1.5350393253 2.0603
.4329598097 1.5743993080 2.0556
.4329598097 1.6137592907 2.0501
.4329598097 1.6531192734 2.0443
.4329598097 1.6924792561 2.0377
.4329598097 1.7318392388 2.0308
.4329598097 1.7711992215 2.0237
.4329598097 1.8105592042 2.0164
.4329598097 1.8499191869 2.0092
.4329598097 1.8892791696 2.0022
.4329598097 1.9286391523 1.9954
.4329598097 1.9679991350 1.9890
.4723197924 0 1.9560
.4723197924 .0393599827 1.9564
.4723197924 .0787199654 1.9570
.4723197924 .1180799481 1.9582
.4723197924 .1574399308 1.9599
.4723197924 .1967999135 1.9621
.4723197924 .2361598962 1.9647
.4723197924 .2755198789 1.9678
.4723197924 .3148798616 1.9715
.4723197924 .3542398443 1.9757
.4723197924 .3935998270 1.9804
.4723197924 .4329598097 1.9857
.4723197924 .4723197924 1.9914
.4723197924 .5116797751 1.9975
.4723197924 .5510397578 2.0040
.4723197924 .5903997405 2.0107
.4723197924 .6297597232 2.0177
.4723197924 .6691197059 2.0246
.4723197924 .7084796886 2.0315
.4723197924 .7478396713 2.0382
.4723197924 .7871996540 2.0446
.4723197924 .8265596367 2.0505
.4723197924 .8659196194 2.0559
.4723197924 .9052796021 2.0607
.4723197924 .9446395848 2.0648
.4723197924 .9839995675 2.0684
.4723197924 1.0233595502 2.0714
.4723197924 1.0627195329 2.0739
.4723197924 1.1020795156 2.0759
.4723197924 1.1414394983 2.0773
.4723197924 1.1807994810 2.0782
.4723197924 1.2201594637 2.0786
.4723197924 1.2595194464 2.0785
.4723197924 1.2988794291 2.0778
.4723197924 1.3382394118 2.0766
.4723197924 1.3775993945 2.0749
.4723197924 1.4169593772 2.0728
.4723197924 1.4563193599 2.0700
.4723197924 1.4956793426 2.0667
.4723197924 1.5350393253 2.0629
.4723197924 1.5743993080 2.0583
.4723197924 1.6137592907 2.0533
.4723197924 1.6531192734 2.0476
.4723197924 1.6924792561 2.0415
.4723197924 1.7318392388 2.0349
.4723197924 1.7711992215 2.0281
.4723197924 1.8105592042 2.0211
.4723197924 1.8499191869 2.0142
.4723197924 1.8892791696 2.0074
.4723197924 1.9286391523 2.0007
.4723197924 1.9679991350 1.9944
.5116797751 0 1.9622
.5116797751 .0393599827 1.9624
.5116797751 .0787199654 1.9631
.5116797751 .1180799481 1.9643
.5116797751 .1574399308 1.9661
.5116797751 .1967999135 1.9682
.5116797751 .2361598962 1.9709
.5116797751 .2755198789 1.9740
.5116797751 .3148798616 1.9776
.5116797751 .3542398443 1.9817
.5116797751 .3935998270 1.9864
.5116797751 .4329598097 1.9915
.5116797751 .4723197924 1.9971
.5116797751 .5116797751 2.0031
.5116797751 .5510397578 2.0094
.5116797751 .5903997405 2.0159
.5116797751 .6297597232 2.0225
.5116797751 .6691197059 2.0291
.5116797751 .7084796886 2.0356
.5116797751 .7478396713 2.0420
.5116797751 .7871996540 2.0481
.5116797751 .8265596367 2.0536
.5116797751 .8659196194 2.0587
.5116797751 .9052796021 2.0632
.5116797751 .9446395848 2.0671
.5116797751 .9839995675 2.0705
.5116797751 1.0233595502 2.0734
.5116797751 1.0627195329 2.0757
.5116797751 1.1020795156 2.0776
.5116797751 1.1414394983 2.0789
.5116797751 1.1807994810 2.0798
.5116797751 1.2201594637 2.0801
.5116797751 1.2595194464 2.0799
.5116797751 1.2988794291 2.0793
.5116797751 1.3382394118 2.0785
.5116797751 1.3775993945 2.0767
.5116797751 1.4169593772 2.0746
.5116797751 1.4563193599 2.0720
.5116797751 1.4956793426 2.0689
.5116797751 1.5350393253 2.0653
.5116797751 1.5743993080 2.0610
.5116797751 1.6137592907 2.0563
.5116797751 1.6531192734 2.0510
.5116797751 1.6924792561 2.0452
.5116797751 1.7318392388 2.0390
.5116797751 1.7711992215 2.0325
.5116797751 1.8105592042 2.0259
.5116797751 1.8499191869 2.0192
.5116797751 1.8892791696 2.0127
.5116797751 1.9286391523 2.0062
.5116797751 1.9679991350 2.0001
.5510397578 0 1.9690
.5510397578 .0393599827 1.9692
.5510397578 .0787199654 1.9699
.5510397578 .1180799481 1.9711
.5510397578 .1574399308 1.9727
.5510397578 .1967999135 1.9749
.5510397578 .2361598962 1.9775
.5510397578 .2755198789 1.9805
.5510397578 .3148798616 1.9841
.5510397578 .3542398443 1.9882
.5510397578 .3935998270 1.9927
.5510397578 .4329598097 1.9977
.5510397578 .4723197924 2.0031
.5510397578 .5116797751 2.0089
.5510397578 .5510397578 2.0149
.5510397578 .5903997405 2.0212
.5510397578 .6297597232 2.0275
.5510397578 .6691197059 2.0337
.5510397578 .7084796886 2.0398
.5510397578 .7478396713 2.0459
.5510397578 .7871996540 2.0514
.5510397578 .8265596367 2.0566
.5510397578 .8659196194 2.0613
.5510397578 .9052796021 2.0655
.5510397578 .9446395848 2.0692
.5510397578 .9839995675 2.0725
.5510397578 1.0233595502 2.0752
.5510397578 1.0627195329 2.0774
.5510397578 1.1020795156 2.0791
.5510397578 1.1414394983 2.0803
.5510397578 1.1807994810 2.0812
.5510397578 1.2201594637 2.0814
.5510397578 1.2595194464 2.0813
.5510397578 1.2988794291 2.0808
.5510397578 1.3382394118 2.0796
.5510397578 1.3775993945 2.0783
.5510397578 1.4169593772 2.0763
.5510397578 1.4563193599 2.0739
.5510397578 1.4956793426 2.0709
.5510397578 1.5350393253 2.0674
.5510397578 1.5743993080 2.0635
.5510397578 1.6137592907 2.0590
.5510397578 1.6531192734 2.0541
.5510397578 1.6924792561 2.0487
.5510397578 1.7318392388 2.0430
.5510397578 1.7711992215 2.0369
.5510397578 1.8105592042 2.0306
.5510397578 1.8499191869 2.0243
.5510397578 1.8892791696 2.0180
.5510397578 1.9286391523 2.0119
.5510397578 1.9679991350 2.0059
.5903997405 0 1.9762
.5903997405 .0393599827 1.9765
.5903997405 .0787199654 1.9772
.5903997405 .1180799481 1.9783
.5903997405 .1574399308 1.9799
.5903997405 .1967999135 1.9819
.5903997405 .2361598962 1.9845
.5903997405 .2755198789 1.9875
.5903997405 .3148798616 1.9910
.5903997405 .3542398443 1.9950
.5903997405 .3935998270 1.9993
.5903997405 .4329598097 2.0041
.5903997405 .4723197924 2.0092
.5903997405 .5116797751 2.0147
.5903997405 .5510397578 2.0205
.5903997405 .5903997405 2.0264
.5903997405 .6297597232 2.0323
.5903997405 .6691197059 2.0381
.5903997405 .7084796886 2.0438
.5903997405 .7478396713 2.0494
.5903997405 .7871996540 2.0545
.5903997405 .8265596367 2.0593
.5903997405 .8659196194 2.0637
.5903997405 .9052796021 2.0676
.5903997405 .9446395848 2.0711
.5903997405 .9839995675 2.0741
.5903997405 1.0233595502 2.0767
.5903997405 1.0627195329 2.0787
.5903997405 1.1020795156 2.0803
.5903997405 1.1414394983 2.0814
.5903997405 1.1807994810 2.0822
.5903997405 1.2201594637 2.0825
.5903997405 1.2595194464 2.0823
.5903997405 1.2988794291 2.0818
.5903997405 1.3382394118 2.0809
.5903997405 1.3775993945 2.0795
.5903997405 1.4169593772 2.0777
.5903997405 1.4563193599 2.0754
.5903997405 1.4956793426 2.0726
.5903997405 1.5350393253 2.0694
.5903997405 1.5743993080 2.0657
.5903997405 1.6137592907 2.0616
.5903997405 1.6531192734 2.0570
.5903997405 1.6924792561 2.0520
.5903997405 1.7318392388 2.0467
.5903997405 1.7711992215 2.0410
.5903997405 1.8105592042 2.0352
.5903997405 1.8499191869 2.0293
.5903997405 1.8892791696 2.0234
.5903997405 1.9286391523 2.0176
.5903997405 1.9679991350 2.0119
.6297597232 0 1.9841
.6297597232 .0393599827 1.9842
.6297597232 .0787199654 1.9849
.6297597232 .1180799481 1.9860
.6297597232 .1574399308 1.9875
.6297597232 .1967999135 1.9895
.6297597232 .2361598962 1.9919
.6297597232 .2755198789 1.9948
.6297597232 .3148798616 1.9981
.6297597232 .3542398443 2.0019
.6297597232 .3935998270 2.0060
.6297597232 .4329598097 2.0105
.6297597232 .4723197924 2.0154
.6297597232 .5116797751 2.0206
.6297597232 .5510397578 2.0259
.6297597232 .5903997405 2.0314
.6297597232 .6297597232 2.0369
.6297597232 .6691197059 2.0423
.6297597232 .7084796886 2.0476
.6297597232 .7478396713 2.0526
.6297597232 .7871996540 2.0574
.6297597232 .8265596367 2.0618
.6297597232 .8659196194 2.0657
.6297597232 .9052796021 2.0693
.6297597232 .9446395848 2.0726
.6297597232 .9839995675 2.0754
.6297597232 1.0233595502 2.0778
.6297597232 1.0627195329 2.0798
.6297597232 1.1020795156 2.0812
.6297597232 1.1414394983 2.0823
.6297597232 1.1807994810 2.0829
.6297597232 1.2201594637 2.0832
.6297597232 1.2595194464 2.0830
.6297597232 1.2988794291 2.0826
.6297597232 1.3382394118 2.0818
.6297597232 1.3775993945 2.0805
.6297597232 1.4169593772 2.0788
.6297597232 1.4563193599 2.0767
.6297597232 1.4956793426 2.0741
.6297597232 1.5350393253 2.0710
.6297597232 1.5743993080 2.0676
.6297597232 1.6137592907 2.0638
.6297597232 1.6531192734 2.0596
.6297597232 1.6924792561 2.0551
.6297597232 1.7318392388 2.0502
.6297597232 1.7711992215 2.0450
.6297597232 1.8105592042 2.0396
.6297597232 1.8499191869 2.0342
.6297597232 1.8892791696 2.0287
.6297597232 1.9286391523 2.0232
.6297597232 1.9679991350 2.0181
.6691197059 0 1.9921
.6691197059 .0393599827 1.9923
.6691197059 .0787199654 1.9930
.6691197059 .1180799481 1.9941
.6691197059 .1574399308 1.9956
.6691197059 .1967999135 1.9974
.6691197059 .2361598962 1.9997
.6691197059 .2755198789 2.0024
.6691197059 .3148798616 2.0055
.6691197059 .3542398443 2.0090
.6691197059 .3935998270 2.0129
.6691197059 .4329598097 2.0170
.6691197059 .4723197924 2.0215
.6691197059 .5116797751 2.0263
.6691197059 .5510397578 2.0312
.6691197059 .5903997405 2.0363
.6691197059 .6297597232 2.0413
.6691197059 .6691197059 2.0462
.6691197059 .7084796886 2.0510
.6691197059 .7478396713 2.0556
.6691197059 .7871996540 2.0599
.6691197059 .8265596367 2.0639
.6691197059 .8659196194 2.0675
.6691197059 .9052796021 2.0708
.6691197059 .9446395848 2.0738
.6691197059 .9839995675 2.0763
.6691197059 1.0233595502 2.0787
.6691197059 1.0627195329 2.0805
.6691197059 1.1020795156 2.0819
.6691197059 1.1414394983 2.0829
.6691197059 1.1807994810 2.0835
.6691197059 1.2201594637 2.0836
.6691197059 1.2595194464 2.0835
.6691197059 1.2988794291 2.0831
.6691197059 1.3382394118 2.0824
.6691197059 1.3775993945 2.0811
.6691197059 1.4169593772 2.0796
.6691197059 1.4563193599 2.0776
.6691197059 1.4956793426 2.0752
.6691197059 1.5350393253 2.0724
.6691197059 1.5743993080 2.0692
.6691197059 1.6137592907 2.0657
.6691197059 1.6531192734 2.0619
.6691197059 1.6924792561 2.0578
.6691197059 1.7318392388 2.0534
.6691197059 1.7711992215 2.0486
.6691197059 1.8105592042 2.0438
.6691197059 1.8499191869 2.0388
.6691197059 1.8892791696 2.0337
.6691197059 1.9286391523 2.0288
.6691197059 1.9679991350 2.0240
.7084796886 0 2.0005
.7084796886 .0393599827 2.0007
.7084796886 .0787199654 2.0014
.7084796886 .1180799481 2.0024
.7084796886 .1574399308 2.0038
.7084796886 .1967999135 2.0055
.7084796886 .2361598962 2.0076
.7084796886 .2755198789 2.0100
.7084796886 .3148798616 2.0129
.7084796886 .3542398443 2.0161
.7084796886 .3935998270 2.0196
.7084796886 .4329598097 2.0234
.7084796886 .4723197924 2.0275
.7084796886 .5116797751 2.0318
.7084796886 .5510397578 2.0363
.7084796886 .5903997405 2.0408
.7084796886 .6297597232 2.0454
.7084796886 .6691197059 2.0498
.7084796886 .7084796886 2.0541
.7084796886 .7478396713 2.0582
.7084796886 .7871996540 2.0621
.7084796886 .8265596367 2.0657
.7084796886 .8659196194 2.0690
.7084796886 .9052796021 2.0719
.7084796886 .9446395848 2.0746
.7084796886 .9839995675 2.0773
.7084796886 1.0233595502 2.0792
.7084796886 1.0627195329 2.0809
.7084796886 1.1020795156 2.0821
.7084796886 1.1414394983 2.0831
.7084796886 1.1807994810 2.0836
.7084796886 1.2201594637 2.0839
.7084796886 1.2595194464 2.0838
.7084796886 1.2988794291 2.0834
.7084796886 1.3382394118 2.0826
.7084796886 1.3775993945 2.0815
.7084796886 1.4169593772 2.0801
.7084796886 1.4563193599 2.0782
.7084796886 1.4956793426 2.0760
.7084796886 1.5350393253 2.0734
.7084796886 1.5743993080 2.0705
.7084796886 1.6137592907 2.0673
.7084796886 1.6531192734 2.0639
.7084796886 1.6924792561 2.0602
.7084796886 1.7318392388 2.0562
.7084796886 1.7711992215 2.0519
.7084796886 1.8105592042 2.0476
.7084796886 1.8499191869 2.0431
.7084796886 1.8892791696 2.0385
.7084796886 1.9286391523 2.0340
.7084796886 1.9679991350 2.0296
.7478396713 0 2.0092
.7478396713 .0393599827 2.0094
.7478396713 .0787199654 2.0100
.7478396713 .1180799481 2.0109
.7478396713 .1574399308 2.0121
.7478396713 .1967999135 2.0137
.7478396713 .2361598962 2.0156
.7478396713 .2755198789 2.0177
.7478396713 .3148798616 2.0203
.7478396713 .3542398443 2.0231
.7478396713 .3935998270 2.0262
.7478396713 .4329598097 2.0296
.7478396713 .4723197924 2.0332
.7478396713 .5116797751 2.0370
.7478396713 .5510397578 2.0410
.7478396713 .5903997405 2.0450
.7478396713 .6297597232 2.0490
.7478396713 .6691197059 2.0529
.7478396713 .7084796886 2.0567
.7478396713 .7478396713 2.0605
.7478396713 .7871996540 2.0639
.7478396713 .8265596367 2.0671
.7478396713 .8659196194 2.0700
.7478396713 .9052796021 2.0727
.7478396713 .9446395848 2.0752
.7478396713 .9839995675 2.0776
.7478396713 1.0233595502 2.0794
.7478396713 1.0627195329 2.0810
.7478396713 1.1020795156 2.0821
.7478396713 1.1414394983 2.0829
.7478396713 1.1807994810 2.0835
.7478396713 1.2201594637 2.0836
.7478396713 1.2595194464 2.0836
.7478396713 1.2988794291 2.0832
.7478396713 1.3382394118 2.0826
.7478396713 1.3775993945 2.0815
.7478396713 1.4169593772 2.0802
.7478396713 1.4563193599 2.0785
.7478396713 1.4956793426 2.0765
.7478396713 1.5350393253 2.0741
.7478396713 1.5743993080 2.0715
.7478396713 1.6137592907 2.0686
.7478396713 1.6531192734 2.0655
.7478396713 1.6924792561 2.0622
.7478396713 1.7318392388 2.0586
.7478396713 1.7711992215 2.0548
.7478396713 1.8105592042 2.0509
.7478396713 1.8499191869 2.0471
.7478396713 1.8892791696 2.0429
.7478396713 1.9286391523 2.0390
.7478396713 1.9679991350 2.0351
.7871996540 0 2.0179
.7871996540 .0393599827 2.0181
.7871996540 .0787199654 2.0185
.7871996540 .1180799481 2.0193
.7871996540 .1574399308 2.0204
.7871996540 .1967999135 2.0218
.7871996540 .2361598962 2.0234
.7871996540 .2755198789 2.0253
.7871996540 .3148798616 2.0275
.7871996540 .3542398443 2.0299
.7871996540 .3935998270 2.0326
.7871996540 .4329598097 2.0355
.7871996540 .4723197924 2.0386
.7871996540 .5116797751 2.0418
.7871996540 .5510397578 2.0452
.7871996540 .5903997405 2.0488
.7871996540 .6297597232 2.0522
.7871996540 .6691197059 2.0556
.7871996540 .7084796886 2.0589
.7871996540 .7478396713 2.0622
.7871996540 .7871996540 2.0652
.7871996540 .8265596367 2.0682
.7871996540 .8659196194 2.0708
.7871996540 .9052796021 2.0732
.7871996540 .9446395848 2.0755
.7871996540 .9839995675 2.0775
.7871996540 1.0233595502 2.0792
.7871996540 1.0627195329 2.0806
.7871996540 1.1020795156 2.0817
.7871996540 1.1414394983 2.0825
.7871996540 1.1807994810 2.0829
.7871996540 1.2201594637 2.0831
.7871996540 1.2595194464 2.0831
.7871996540 1.2988794291 2.0827
.7871996540 1.3382394118 2.0820
.7871996540 1.3775993945 2.0812
.7871996540 1.4169593772 2.0799
.7871996540 1.4563193599 2.0783
.7871996540 1.4956793426 2.0765
.7871996540 1.5350393253 2.0744
.7871996540 1.5743993080 2.0720
.7871996540 1.6137592907 2.0695
.7871996540 1.6531192734 2.0666
.7871996540 1.6924792561 2.0637
.7871996540 1.7318392388 2.0606
.7871996540 1.7711992215 2.0572
.7871996540 1.8105592042 2.0539
.7871996540 1.8499191869 2.0505
.7871996540 1.8892791696 2.0469
.7871996540 1.9286391523 2.0435
.7871996540 1.9679991350 2.0402
.8265596367 0 2.0264
.8265596367 .0393599827 2.0265
.8265596367 .0787199654 2.0269
.8265596367 .1180799481 2.0276
.8265596367 .1574399308 2.0286
.8265596367 .1967999135 2.0297
.8265596367 .2361598962 2.0311
.8265596367 .2755198789 2.0325
.8265596367 .3148798616 2.0343
.8265596367 .3542398443 2.0364
.8265596367 .3935998270 2.0385
.8265596367 .4329598097 2.0409
.8265596367 .4723197924 2.0437
.8265596367 .5116797751 2.0463
.8265596367 .5510397578 2.0493
.8265596367 .5903997405 2.0520
.8265596367 .6297597232 2.0550
.8265596367 .6691197059 2.0579
.8265596367 .7084796886 2.0608
.8265596367 .7478396713 2.0636
.8265596367 .7871996540 2.0662
.8265596367 .8265596367 2.0688
.8265596367 .8659196194 2.0711
.8265596367 .9052796021 2.0732
.8265596367 .9446395848 2.0753
.8265596367 .9839995675 2.0771
.8265596367 1.0233595502 2.0787
.8265596367 1.0627195329 2.0799
.8265596367 1.1020795156 2.0811
.8265596367 1.1414394983 2.0818
.8265596367 1.1807994810 2.0820
.8265596367 1.2201594637 2.0823
.8265596367 1.2595194464 2.0822
.8265596367 1.2988794291 2.0818
.8265596367 1.3382394118 2.0813
.8265596367 1.3775993945 2.0803
.8265596367 1.4169593772 2.0793
.8265596367 1.4563193599 2.0779
.8265596367 1.4956793426 2.0762
.8265596367 1.5350393253 2.0743
.8265596367 1.5743993080 2.0722
.8265596367 1.6137592907 2.0700
.8265596367 1.6531192734 2.0675
.8265596367 1.6924792561 2.0648
.8265596367 1.7318392388 2.0621
.8265596367 1.7711992215 2.0594
.8265596367 1.8105592042 2.0564
.8265596367 1.8499191869 2.0535
.8265596367 1.8892791696 2.0506
.8265596367 1.9286391523 2.0477
.8265596367 1.9679991350 2.0449
.8659196194 0 2.0346
.8659196194 .0393599827 2.0347
.8659196194 .0787199654 2.0349
.8659196194 .1180799481 2.0356
.8659196194 .1574399308 2.0363
.8659196194 .1967999135 2.0370
.8659196194 .2361598962 2.0380
.8659196194 .2755198789 2.0393
.8659196194 .3148798616 2.0407
.8659196194 .3542398443 2.0423
.8659196194 .3935998270 2.0440
.8659196194 .4329598097 2.0459
.8659196194 .4723197924 2.0482
.8659196194 .5116797751 2.0502
.8659196194 .5510397578 2.0525
.8659196194 .5903997405 2.0549
.8659196194 .6297597232 2.0572
.8659196194 .6691197059 2.0598
.8659196194 .7084796886 2.0622
.8659196194 .7478396713 2.0645
.8659196194 .7871996540 2.0668
.8659196194 .8265596367 2.0690
.8659196194 .8659196194 2.0710
.8659196194 .9052796021 2.0728
.8659196194 .9446395848 2.0746
.8659196194 .9839995675 2.0762
.8659196194 1.0233595502 2.0776
.8659196194 1.0627195329 2.0787
.8659196194 1.1020795156 2.0799
.8659196194 1.1414394983 2.0805
.8659196194 1.1807994810 2.0807
.8659196194 1.2201594637 2.0812
.8659196194 1.2595194464 2.0809
.8659196194 1.2988794291 2.0805
.8659196194 1.3382394118 2.0801
.8659196194 1.3775993945 2.0792
.8659196194 1.4169593772 2.0783
.8659196194 1.4563193599 2.0770
.8659196194 1.4956793426 2.0754
.8659196194 1.5350393253 2.0738
.8659196194 1.5743993080 2.0719
.8659196194 1.6137592907 2.0700
.8659196194 1.6531192734 2.0679
.8659196194 1.6924792561 2.0657
.8659196194 1.7318392388 2.0633
.8659196194 1.7711992215 2.0609
.8659196194 1.8105592042 2.0584
.8659196194 1.8499191869 2.0562
.8659196194 1.8892791696 2.0537
.8659196194 1.9286391523 2.0514
.8659196194 1.9679991350 2.0491
.9052796021 0 2.0423
.9052796021 .0393599827 2.0423
.9052796021 .0787199654 2.0425
.9052796021 .1180799481 2.0428
.9052796021 .1574399308 2.0433
.9052796021 .1967999135 2.0439
.9052796021 .2361598962 2.0446
.9052796021 .2755198789 2.0455
.9052796021 .3148798616 2.0466
.9052796021 .3542398443 2.0477
.9052796021 .3935998270 2.0490
.9052796021 .4329598097 2.0504
.9052796021 .4723197924 2.0522
.9052796021 .5116797751 2.0537
.9052796021 .5510397578 2.0555
.9052796021 .5903997405 2.0573
.9052796021 .6297597232 2.0591
.9052796021 .6691197059 2.0611
.9052796021 .7084796886 2.0631
.9052796021 .7478396713 2.0651
.9052796021 .7871996540 2.0670
.9052796021 .8265596367 2.0689
.9052796021 .8659196194 2.0705
.9052796021 .9052796021 2.0721
.9052796021 .9446395848 2.0736
.9052796021 .9839995675 2.0751
.9052796021 1.0233595502 2.0763
.9052796021 1.0627195329 2.0771
.9052796021 1.1020795156 2.0780
.9052796021 1.1414394983 2.0788
.9052796021 1.1807994810 2.0790
.9052796021 1.2201594637 2.0794
.9052796021 1.2595194464 2.0794
.9052796021 1.2988794291 2.0789
.9052796021 1.3382394118 2.0783
.9052796021 1.3775993945 2.0776
.9052796021 1.4169593772 2.0766
.9052796021 1.4563193599 2.0756
.9052796021 1.4956793426 2.0743
.9052796021 1.5350393253 2.0728
.9052796021 1.5743993080 2.0713
.9052796021 1.6137592907 2.0697
.9052796021 1.6531192734 2.0679
.9052796021 1.6924792561 2.0661
.9052796021 1.7318392388 2.0641
.9052796021 1.7711992215 2.0620
.9052796021 1.8105592042 2.0601
.9052796021 1.8499191869 2.0583
.9052796021 1.8892791696 2.0563
.9052796021 1.9286391523 2.0545
.9052796021 1.9679991350 2.0528
.9446395848 0 2.0493
.9446395848 .0393599827 2.0492
.9446395848 .0787199654 2.0492
.9446395848 .1180799481 2.0495
.9446395848 .1574399308 2.0498
.9446395848 .1967999135 2.0502
.9446395848 .2361598962 2.0506
.9446395848 .2755198789 2.0512
.9446395848 .3148798616 2.0519
.9446395848 .3542398443 2.0525
.9446395848 .3935998270 2.0534
.9446395848 .4329598097 2.0543
.9446395848 .4723197924 2.0554
.9446395848 .5116797751 2.0566
.9446395848 .5510397578 2.0581
.9446395848 .5903997405 2.0592
.9446395848 .6297597232 2.0605
.9446395848 .6691197059 2.0621
.9446395848 .7084796886 2.0636
.9446395848 .7478396713 2.0652
.9446395848 .7871996540 2.0667
.9446395848 .8265596367 2.0682
.9446395848 .8659196194 2.0696
.9446395848 .9052796021 2.0708
.9446395848 .9446395848 2.0721
.9446395848 .9839995675 2.0733
.9446395848 1.0233595502 2.0742
.9446395848 1.0627195329 2.0751
.9446395848 1.1020795156 2.0758
.9446395848 1.1414394983 2.0765
.9446395848 1.1807994810 2.0767
.9446395848 1.2201594637 2.0771
.9446395848 1.2595194464 2.0771
.9446395848 1.2988794291 2.0765
.9446395848 1.3382394118 2.0761
.9446395848 1.3775993945 2.0754
.9446395848 1.4169593772 2.0746
.9446395848 1.4563193599 2.0737
.9446395848 1.4956793426 2.0726
.9446395848 1.5350393253 2.0715
.9446395848 1.5743993080 2.0702
.9446395848 1.6137592907 2.0689
.9446395848 1.6531192734 2.0674
.9446395848 1.6924792561 2.0659
.9446395848 1.7318392388 2.0644
.9446395848 1.7711992215 2.0628
.9446395848 1.8105592042 2.0613
.9446395848 1.8499191869 2.0599
.9446395848 1.8892791696 2.0586
.9446395848 1.9286391523 2.0572
.9446395848 1.9679991350 2.0560
.9839995675 0 2.0555
.9839995675 .0393599827 2.0555
.9839995675 .0787199654 2.0555
.9839995675 .1180799481 2.0555
.9839995675 .1574399308 2.0556
.9839995675 .1967999135 2.0558
.9839995675 .2361598962 2.0560
.9839995675 .2755198789 2.0562
.9839995675 .3148798616 2.0565
.9839995675 .3542398443 2.0568
.9839995675 .3935998270 2.0572
.9839995675 .4329598097 2.0577
.9839995675 .4723197924 2.0583
.9839995675 .5116797751 2.0590
.9839995675 .5510397578 2.0599
.9839995675 .5903997405 2.0608
.9839995675 .6297597232 2.0614
.9839995675 .6691197059 2.0625
.9839995675 .7084796886 2.0636
.9839995675 .7478396713 2.0648
.9839995675 .7871996540 2.0660
.9839995675 .8265596367 2.0671
.9839995675 .8659196194 2.0681
.9839995675 .9052796021 2.0692
.9839995675 .9446395848 2.0704
.9839995675 .9839995675 2.0709
.9839995675 1.0233595502 2.0717
.9839995675 1.0627195329 2.0725
.9839995675 1.1020795156 2.0731
.9839995675 1.1414394983 2.0737
.9839995675 1.1807994810 2.0739
.9839995675 1.2201594637 2.0742
.9839995675 1.2595194464 2.0739
.9839995675 1.2988794291 2.0737
.9839995675 1.3382394118 2.0733
.9839995675 1.3775993945 2.0728
.9839995675 1.4169593772 2.0721
.9839995675 1.4563193599 2.0714
.9839995675 1.4956793426 2.0705
.9839995675 1.5350393253 2.0697
.9839995675 1.5743993080 2.0686
.9839995675 1.6137592907 2.0676
.9839995675 1.6531192734 2.0665
.9839995675 1.6924792561 2.0653
.9839995675 1.7318392388 2.0642
.9839995675 1.7711992215 2.0631
.9839995675 1.8105592042 2.0620
.9839995675 1.8499191869 2.0610
.9839995675 1.8892791696 2.0602
.9839995675 1.9286391523 2.0594
.9839995675 1.9679991350 2.0586
1.0233595502 0 2.0610
1.0233595502 .0393599827 2.0610
1.0233595502 .0787199654 2.0609
1.0233595502 .1180799481 2.0608
1.0233595502 .1574399308 2.0608
1.0233595502 .1967999135 2.0607
1.0233595502 .2361598962 2.0606
1.0233595502 .2755198789 2.0606
1.0233595502 .3148798616 2.0605
1.0233595502 .3542398443 2.0604
1.0233595502 .3935998270 2.0607
1.0233595502 .4329598097 2.0607
1.0233595502 .4723197924 2.0607
1.0233595502 .5116797751 2.0609
1.0233595502 .5510397578 2.0612
1.0233595502 .5903997405 2.0615
1.0233595502 .6297597232 2.0620
1.0233595502 .6691197059 2.0626
1.0233595502 .7084796886 2.0633
1.0233595502 .7478396713 2.0640
1.0233595502 .7871996540 2.0648
1.0233595502 .8265596367 2.0655
1.0233595502 .8659196194 2.0663
1.0233595502 .9052796021 2.0669
1.0233595502 .9446395848 2.0677
1.0233595502 .9839995675 2.0682
1.0233595502 1.0233595502 2.0688
1.0233595502 1.0627195329 2.0693
1.0233595502 1.1020795156 2.0698
1.0233595502 1.1414394983 2.0701
1.0233595502 1.1807994810 2.0704
1.0233595502 1.2201594637 2.0705
1.0233595502 1.2595194464 2.0705
1.0233595502 1.2988794291 2.0703
1.0233595502 1.3382394118 2.0700
1.0233595502 1.3775993945 2.0696
1.0233595502 1.4169593772 2.0690
1.0233595502 1.4563193599 2.0685
1.0233595502 1.4956793426 2.0680
1.0233595502 1.5350393253 2.0673
1.0233595502 1.5743993080 2.0666
1.0233595502 1.6137592907 2.0659
1.0233595502 1.6531192734 2.0651
1.0233595502 1.6924792561 2.0643
1.0233595502 1.7318392388 2.0636
1.0233595502 1.7711992215 2.0629
1.0233595502 1.8105592042 2.0623
1.0233595502 1.8499191869 2.0617
1.0233595502 1.8892791696 2.0614
1.0233595502 1.9286391523 2.0611
1.0233595502 1.9679991350 2.0608
1.0627195329 0 2.0658
1.0627195329 .0393599827 2.0658
1.0627195329 .0787199654 2.0656
1.0627195329 .1180799481 2.0654
1.0627195329 .1574399308 2.0652
1.0627195329 .1967999135 2.0649
1.0627195329 .2361598962 2.0646
1.0627195329 .2755198789 2.0643
1.0627195329 .3148798616 2.0639
1.0627195329 .3542398443 2.0637
1.0627195329 .3935998270 2.0634
1.0627195329 .4329598097 2.0629
1.0627195329 .4723197924 2.0626
1.0627195329 .5116797751 2.0623
1.0627195329 .5510397578 2.0622
1.0627195329 .5903997405 2.0621
1.0627195329 .6297597232 2.0621
1.0627195329 .6691197059 2.0622
1.0627195329 .7084796886 2.0624
1.0627195329 .7478396713 2.0627
1.0627195329 .7871996540 2.0631
1.0627195329 .8265596367 2.0634
1.0627195329 .8659196194 2.0638
1.0627195329 .9052796021 2.0642
1.0627195329 .9446395848 2.0646
1.0627195329 .9839995675 2.0650
1.0627195329 1.0233595502 2.0657
1.0627195329 1.0627195329 2.0659
1.0627195329 1.1020795156 2.0659
1.0627195329 1.1414394983 2.0662
1.0627195329 1.1807994810 2.0664
1.0627195329 1.2201594637 2.0665
1.0627195329 1.2595194464 2.0664
1.0627195329 1.2988794291 2.0663
1.0627195329 1.3382394118 2.0660
1.0627195329 1.3775993945 2.0658
1.0627195329 1.4169593772 2.0655
1.0627195329 1.4563193599 2.0652
1.0627195329 1.4956793426 2.0648
1.0627195329 1.5350393253 2.0644
1.0627195329 1.5743993080 2.0640
1.0627195329 1.6137592907 2.0636
1.0627195329 1.6531192734 2.0632
1.0627195329 1.6924792561 2.0629
1.0627195329 1.7318392388 2.0625
1.0627195329 1.7711992215 2.0623
1.0627195329 1.8105592042 2.0621
1.0627195329 1.8499191869 2.0621
1.0627195329 1.8892791696 2.0621
1.0627195329 1.9286391523 2.0622
1.0627195329 1.9679991350 2.0624
1.1020795156 0 2.0700
1.1020795156 .0393599827 2.0699
1.1020795156 .0787199654 2.0698
1.1020795156 .1180799481 2.0694
1.1020795156 .1574399308 2.0690
1.1020795156 .1967999135 2.0686
1.1020795156 .2361598962 2.0680
1.1020795156 .2755198789 2.0676
1.1020795156 .3148798616 2.0670
1.1020795156 .3542398443 2.0663
1.1020795156 .3935998270 2.0654
1.1020795156 .4329598097 2.0649
1.1020795156 .4723197924 2.0640
1.1020795156 .5116797751 2.0633
1.1020795156 .5510397578 2.0627
1.1020795156 .5903997405 2.0622
1.1020795156 .6297597232 2.0618
1.1020795156 .6691197059 2.0614
1.1020795156 .7084796886 2.0612
1.1020795156 .7478396713 2.0610
1.1020795156 .7871996540 2.0608
1.1020795156 .8265596367 2.0608
1.1020795156 .8659196194 2.0608
1.1020795156 .9052796021 2.0609
1.1020795156 .9446395848 2.0611
1.1020795156 .9839995675 2.0612
1.1020795156 1.0233595502 2.0613
1.1020795156 1.0627195329 2.0616
1.1020795156 1.1020795156 2.0617
1.1020795156 1.1414394983 2.0618
1.1020795156 1.1807994810 2.0617
1.1020795156 1.2201594637 2.0618
1.1020795156 1.2595194464 2.0617
1.1020795156 1.2988794291 2.0616
1.1020795156 1.3382394118 2.0615
1.1020795156 1.3775993945 2.0614
1.1020795156 1.4169593772 2.0614
1.1020795156 1.4563193599 2.0613
1.1020795156 1.4956793426 2.0612
1.1020795156 1.5350393253 2.0610
1.1020795156 1.5743993080 2.0609
1.1020795156 1.6137592907 2.0608
1.1020795156 1.6531192734 2.0608
1.1020795156 1.6924792561 2.0609
1.1020795156 1.7318392388 2.0611
1.1020795156 1.7711992215 2.0612
1.1020795156 1.8105592042 2.0615
1.1020795156 1.8499191869 2.0619
1.1020795156 1.8892791696 2.0624
1.1020795156 1.9286391523 2.0630
1.1020795156 1.9679991350 2.0636
1.1414394983 0 2.0735
1.1414394983 .0393599827 2.0735
1.1414394983 .0787199654 2.0731
1.1414394983 .1180799481 2.0730
1.1414394983 .1574399308 2.0722
1.1414394983 .1967999135 2.0716
1.1414394983 .2361598962 2.0708
1.1414394983 .2755198789 2.0700
1.1414394983 .3148798616 2.0694
1.1414394983 .3542398443 2.0683
1.1414394983 .3935998270 2.0674
1.1414394983 .4329598097 2.0660
1.1414394983 .4723197924 2.0650
1.1414394983 .5116797751 2.0639
1.1414394983 .5510397578 2.0628
1.1414394983 .5903997405 2.0618
1.1414394983 .6297597232 2.0610
1.1414394983 .6691197059 2.0601
1.1414394983 .7084796886 2.0594
1.1414394983 .7478396713 2.0590
1.1414394983 .7871996540 2.0585
1.1414394983 .8265596367 2.0577
1.1414394983 .8659196194 2.0573
1.1414394983 .9052796021 2.0570
1.1414394983 .9446395848 2.0568
1.1414394983 .9839995675 2.0567
1.1414394983 1.0233595502 2.0566
1.1414394983 1.0627195329 2.0564
1.1414394983 1.1020795156 2.0565
1.1414394983 1.1414394983 2.0565
1.1414394983 1.1807994810 2.0563
1.1414394983 1.2201594637 2.0562
1.1414394983 1.2595194464 2.0562
1.1414394983 1.2988794291 2.0562
1.1414394983 1.3382394118 2.0562
1.1414394983 1.3775993945 2.0563
1.1414394983 1.4169593772 2.0565
1.1414394983 1.4563193599 2.0566
1.1414394983 1.4956793426 2.0568
1.1414394983 1.5350393253 2.0570
1.1414394983 1.5743993080 2.0572
1.1414394983 1.6137592907 2.0576
1.1414394983 1.6531192734 2.0580
1.1414394983 1.6924792561 2.0585
1.1414394983 1.7318392388 2.0591
1.1414394983 1.7711992215 2.0597
1.1414394983 1.8105592042 2.0605
1.1414394983 1.8499191869 2.0614
1.1414394983 1.8892791696 2.0623
1.1414394983 1.9286391523 2.0633
1.1414394983 1.9679991350 2.0644
1.1807994810 0 2.0765
1.1807994810 .0393599827 2.0764
1.1807994810 .0787199654 2.0761
1.1807994810 .1180799481 2.0755
1.1807994810 .1574399308 2.0751
1.1807994810 .1967999135 2.0743
1.1807994810 .2361598962 2.0734
1.1807994810 .2755198789 2.0721
1.1807994810 .3148798616 2.0709
1.1807994810 .3542398443 2.0697
1.1807994810 .3935998270 2.0687
1.1807994810 .4329598097 2.0673
1.1807994810 .4723197924 2.0655
1.1807994810 .5116797751 2.0640
1.1807994810 .5510397578 2.0625
1.1807994810 .5903997405 2.0611
1.1807994810 .6297597232 2.0597
1.1807994810 .6691197059 2.0584
1.1807994810 .7084796886 2.0572
1.1807994810 .7478396713 2.0563
1.1807994810 .7871996540 2.0552
1.1807994810 .8265596367 2.0541
1.1807994810 .8659196194 2.0533
1.1807994810 .9052796021 2.0526
1.1807994810 .9446395848 2.0520
1.1807994810 .9839995675 2.0515
1.1807994810 1.0233595502 2.0511
1.1807994810 1.0627195329 2.0507
1.1807994810 1.1020795156 2.0504
1.1807994810 1.1414394983 2.0503
1.1807994810 1.1807994810 2.0501
1.1807994810 1.2201594637 2.0501
1.1807994810 1.2595194464 2.0501
1.1807994810 1.2988794291 2.0501
1.1807994810 1.3382394118 2.0503
1.1807994810 1.3775993945 2.0505
1.1807994810 1.4169593772 2.0509
1.1807994810 1.4563193599 2.0513
1.1807994810 1.4956793426 2.0518
1.1807994810 1.5350393253 2.0523
1.1807994810 1.5743993080 2.0530
1.1807994810 1.6137592907 2.0537
1.1807994810 1.6531192734 2.0546
1.1807994810 1.6924792561 2.0555
1.1807994810 1.7318392388 2.0566
1.1807994810 1.7711992215 2.0578
1.1807994810 1.8105592042 2.0591
1.1807994810 1.8499191869 2.0604
1.1807994810 1.8892791696 2.0618
1.1807994810 1.9286391523 2.0632
1.1807994810 1.9679991350 2.0647
1.2201594637 0 2.0788
1.2201594637 .0393599827 2.0788
1.2201594637 .0787199654 2.0785
1.2201594637 .1180799481 2.0779
1.2201594637 .1574399308 2.0771
1.2201594637 .1967999135 2.0762
1.2201594637 .2361598962 2.0750
1.2201594637 .2755198789 2.0737
1.2201594637 .3148798616 2.0722
1.2201594637 .3542398443 2.0709
1.2201594637 .3935998270 2.0692
1.2201594637 .4329598097 2.0674
1.2201594637 .4723197924 2.0656
1.2201594637 .5116797751 2.0637
1.2201594637 .5510397578 2.0617
1.2201594637 .5903997405 2.0599
1.2201594637 .6297597232 2.0580
1.2201594637 .6691197059 2.0562
1.2201594637 .7084796886 2.0544
1.2201594637 .7478396713 2.0528
1.2201594637 .7871996540 2.0513
1.2201594637 .8265596367 2.0499
1.2201594637 .8659196194 2.0487
1.2201594637 .9052796021 2.0475
1.2201594637 .9446395848 2.0465
1.2201594637 .9839995675 2.0456
1.2201594637 1.0233595502 2.0448
1.2201594637 1.0627195329 2.0442
1.2201594637 1.1020795156 2.0437
1.2201594637 1.1414394983 2.0435
1.2201594637 1.1807994810 2.0432
1.2201594637 1.2201594637 2.0431
1.2201594637 1.2595194464 2.0431
1.2201594637 1.2988794291 2.0433
1.2201594637 1.3382394118 2.0436
1.2201594637 1.3775993945 2.0440
1.2201594637 1.4169593772 2.0446
1.2201594637 1.4563193599 2.0453
1.2201594637 1.4956793426 2.0461
1.2201594637 1.5350393253 2.0471
1.2201594637 1.5743993080 2.0481
1.2201594637 1.6137592907 2.0492
1.2201594637 1.6531192734 2.0506
1.2201594637 1.6924792561 2.0521
1.2201594637 1.7318392388 2.0536
1.2201594637 1.7711992215 2.0553
1.2201594637 1.8105592042 2.0571
1.2201594637 1.8499191869 2.0589
1.2201594637 1.8892791696 2.0607
1.2201594637 1.9286391523 2.0626
1.2201594637 1.9679991350 2.0646
1.2595194464 0 2.0807
1.2595194464 .0393599827 2.0806
1.2595194464 .0787199654 2.0803
1.2595194464 .1180799481 2.0796
1.2595194464 .1574399308 2.0789
1.2595194464 .1967999135 2.0778
1.2595194464 .2361598962 2.0768
1.2595194464 .2755198789 2.0748
1.2595194464 .3148798616 2.0734
1.2595194464 .3542398443 2.0716
1.2595194464 .3935998270 2.0695
1.2595194464 .4329598097 2.0673
1.2595194464 .4723197924 2.0651
1.2595194464 .5116797751 2.0629
1.2595194464 .5510397578 2.0605
1.2595194464 .5903997405 2.0581
1.2595194464 .6297597232 2.0558
1.2595194464 .6691197059 2.0535
1.2595194464 .7084796886 2.0512
1.2595194464 .7478396713 2.0491
1.2595194464 .7871996540 2.0470
1.2595194464 .8265596367 2.0451
1.2595194464 .8659196194 2.0434
1.2595194464 .9052796021 2.0418
1.2595194464 .9446395848 2.0404
1.2595194464 .9839995675 2.0391
1.2595194464 1.0233595502 2.0380
1.2595194464 1.0627195329 2.0372
1.2595194464 1.1020795156 2.0365
1.2595194464 1.1414394983 2.0360
1.2595194464 1.1807994810 2.0357
1.2595194464 1.2201594637 2.0355
1.2595194464 1.2595194464 2.0356
1.2595194464 1.2988794291 2.0358
1.2595194464 1.3382394118 2.0363
1.2595194464 1.3775993945 2.0369
1.2595194464 1.4169593772 2.0376
1.2595194464 1.4563193599 2.0386
1.2595194464 1.4956793426 2.0398
1.2595194464 1.5350393253 2.0411
1.2595194464 1.5743993080 2.0426
1.2595194464 1.6137592907 2.0442
1.2595194464 1.6531192734 2.0460
1.2595194464 1.6924792561 2.0480
1.2595194464 1.7318392388 2.0501
1.2595194464 1.7711992215 2.0523
1.2595194464 1.8105592042 2.0546
1.2595194464 1.8499191869 2.0569
1.2595194464 1.8892791696 2.0592
1.2595194464 1.9286391523 2.0616
1.2595194464 1.9679991350 2.0640
1.2988794291 0 2.0822
1.2988794291 .0393599827 2.0820
1.2988794291 .0787199654 2.0816
1.2988794291 .1180799481 2.0809
1.2988794291 .1574399308 2.0800
1.2988794291 .1967999135 2.0789
1.2988794291 .2361598962 2.0774
1.2988794291 .2755198789 2.0756
1.2988794291 .3148798616 2.0740
1.2988794291 .3542398443 2.0716
1.2988794291 .3935998270 2.0694
1.2988794291 .4329598097 2.0669
1.2988794291 .4723197924 2.0643
1.2988794291 .5116797751 2.0616
1.2988794291 .5510397578 2.0588
1.2988794291 .5903997405 2.0560
1.2988794291 .6297597232 2.0531
1.2988794291 .6691197059 2.0503
1.2988794291 .7084796886 2.0475
1.2988794291 .7478396713 2.0448
1.2988794291 .7871996540 2.0422
1.2988794291 .8265596367 2.0398
1.2988794291 .8659196194 2.0376
1.2988794291 .9052796021 2.0356
1.2988794291 .9446395848 2.0338
1.2988794291 .9839995675 2.0322
1.2988794291 1.0233595502 2.0308
1.2988794291 1.0627195329 2.0296
1.2988794291 1.1020795156 2.0288
1.2988794291 1.1414394983 2.0280
1.2988794291 1.1807994810 2.0276
1.2988794291 1.2201594637 2.0274
1.2988794291 1.2595194464 2.0275
1.2988794291 1.2988794291 2.0280
1.2988794291 1.3382394118 2.0284
1.2988794291 1.3775993945 2.0292
1.2988794291 1.4169593772 2.0302
1.2988794291 1.4563193599 2.0315
1.2988794291 1.4956793426 2.0330
1.2988794291 1.5350393253 2.0347
1.2988794291 1.5743993080 2.0366
1.2988794291 1.6137592907 2.0387
1.2988794291 1.6531192734 2.0410
1.2988794291 1.6924792561 2.0435
1.2988794291 1.7318392388 2.0461
1.2988794291 1.7711992215 2.0489
1.2988794291 1.8105592042 2.0517
1.2988794291 1.8499191869 2.0545
1.2988794291 1.8892791696 2.0574
1.2988794291 1.9286391523 2.0603
1.2988794291 1.9679991350 2.0629
1.3382394118 0 2.0830
1.3382394118 .0393599827 2.0829
1.3382394118 .0787199654 2.0825
1.3382394118 .1180799481 2.0818
1.3382394118 .1574399308 2.0808
1.3382394118 .1967999135 2.0794
1.3382394118 .2361598962 2.0778
1.3382394118 .2755198789 2.0759
1.3382394118 .3148798616 2.0741
1.3382394118 .3542398443 2.0713
1.3382394118 .3935998270 2.0689
1.3382394118 .4329598097 2.0660
1.3382394118 .4723197924 2.0632
1.3382394118 .5116797751 2.0601
1.3382394118 .5510397578 2.0567
1.3382394118 .5903997405 2.0533
1.3382394118 .6297597232 2.0500
1.3382394118 .6691197059 2.0467
1.3382394118 .7084796886 2.0433
1.3382394118 .7478396713 2.0400
1.3382394118 .7871996540 2.0370
1.3382394118 .8265596367 2.0341
1.3382394118 .8659196194 2.0314
1.3382394118 .9052796021 2.0289
1.3382394118 .9446395848 2.0267
1.3382394118 .9839995675 2.0247
1.3382394118 1.0233595502 2.0231
1.3382394118 1.0627195329 2.0217
1.3382394118 1.1020795156 2.0206
1.3382394118 1.1414394983 2.0197
1.3382394118 1.1807994810 2.0192
1.3382394118 1.2201594637 2.0190
1.3382394118 1.2595194464 2.0190
1.3382394118 1.2988794291 2.0195
1.3382394118 1.3382394118 2.0202
1.3382394118 1.3775993945 2.0212
1.3382394118 1.4169593772 2.0225
1.3382394118 1.4563193599 2.0239
1.3382394118 1.4956793426 2.0257
1.3382394118 1.5350393253 2.0278
1.3382394118 1.5743993080 2.0301
1.3382394118 1.6137592907 2.0327
1.3382394118 1.6531192734 2.0355
1.3382394118 1.6924792561 2.0385
1.3382394118 1.7318392388 2.0416
1.3382394118 1.7711992215 2.0449
1.3382394118 1.8105592042 2.0483
1.3382394118 1.8499191869 2.0516
1.3382394118 1.8892791696 2.0550
1.3382394118 1.9286391523 2.0583
1.3382394118 1.9679991350 2.0615
1.3775993945 0 2.0836
1.3775993945 .0393599827 2.0834
1.3775993945 .0787199654 2.0830
1.3775993945 .1180799481 2.0822
1.3775993945 .1574399308 2.0812
1.3775993945 .1967999135 2.0797
1.3775993945 .2361598962 2.0779
1.3775993945 .2755198789 2.0758
1.3775993945 .3148798616 2.0734
1.3775993945 .3542398443 2.0708
1.3775993945 .3935998270 2.0679
1.3775993945 .4329598097 2.0651
1.3775993945 .4723197924 2.0616
1.3775993945 .5116797751 2.0580
1.3775993945 .5510397578 2.0543
1.3775993945 .5903997405 2.0505
1.3775993945 .6297597232 2.0465
1.3775993945 .6691197059 2.0426
1.3775993945 .7084796886 2.0387
1.3775993945 .7478396713 2.0348
1.3775993945 .7871996540 2.0312
1.3775993945 .8265596367 2.0279
1.3775993945 .8659196194 2.0247
1.3775993945 .9052796021 2.0219
1.3775993945 .9446395848 2.0193
1.3775993945 .9839995675 2.0170
1.3775993945 1.0233595502 2.0151
1.3775993945 1.0627195329 2.0135
1.3775993945 1.1020795156 2.0122
1.3775993945 1.1414394983 2.0112
1.3775993945 1.1807994810 2.0105
1.3775993945 1.2201594637 2.0103
1.3775993945 1.2595194464 2.0104
1.3775993945 1.2988794291 2.0109
1.3775993945 1.3382394118 2.0117
1.3775993945 1.3775993945 2.0129
1.3775993945 1.4169593772 2.0144
1.3775993945 1.4563193599 2.0161
1.3775993945 1.4956793426 2.0181
1.3775993945 1.5350393253 2.0206
1.3775993945 1.5743993080 2.0233
1.3775993945 1.6137592907 2.0263
1.3775993945 1.6531192734 2.0295
1.3775993945 1.6924792561 2.0330
1.3775993945 1.7318392388 2.0367
1.3775993945 1.7711992215 2.0405
1.3775993945 1.8105592042 2.0444
1.3775993945 1.8499191869 2.0484
1.3775993945 1.8892791696 2.0523
1.3775993945 1.9286391523 2.0561
1.3775993945 1.9679991350 2.0598
1.4169593772 0 2.0839
1.4169593772 .0393599827 2.0836
1.4169593772 .0787199654 2.0832
1.4169593772 .1180799481 2.0823
1.4169593772 .1574399308 2.0812
1.4169593772 .1967999135 2.0796
1.4169593772 .2361598962 2.0776
1.4169593772 .2755198789 2.0753
1.4169593772 .3148798616 2.0727
1.4169593772 .3542398443 2.0698
1.4169593772 .3935998270 2.0665
1.4169593772 .4329598097 2.0632
1.4169593772 .4723197924 2.0597
1.4169593772 .5116797751 2.0555
1.4169593772 .5510397578 2.0513
1.4169593772 .5903997405 2.0470
1.4169593772 .6297597232 2.0425
1.4169593772 .6691197059 2.0381
1.4169593772 .7084796886 2.0335
1.4169593772 .7478396713 2.0293
1.4169593772 .7871996540 2.0252
1.4169593772 .8265596367 2.0214
1.4169593772 .8659196194 2.0178
1.4169593772 .9052796021 2.0145
1.4169593772 .9446395848 2.0117
1.4169593772 .9839995675 2.0091
1.4169593772 1.0233595502 2.0070
1.4169593772 1.0627195329 2.0052
1.4169593772 1.1020795156 2.0038
1.4169593772 1.1414394983 2.0026
1.4169593772 1.1807994810 2.0019
1.4169593772 1.2201594637 2.0016
1.4169593772 1.2595194464 2.0017
1.4169593772 1.2988794291 2.0023
1.4169593772 1.3382394118 2.0032
1.4169593772 1.3775993945 2.0045
1.4169593772 1.4169593772 2.0061
1.4169593772 1.4563193599 2.0081
1.4169593772 1.4956793426 2.0104
1.4169593772 1.5350393253 2.0131
1.4169593772 1.5743993080 2.0162
1.4169593772 1.6137592907 2.0196
1.4169593772 1.6531192734 2.0233
1.4169593772 1.6924792561 2.0272
1.4169593772 1.7318392388 2.0314
1.4169593772 1.7711992215 2.0358
1.4169593772 1.8105592042 2.0403
1.4169593772 1.8499191869 2.0447
1.4169593772 1.8892791696 2.0491
1.4169593772 1.9286391523 2.0534
1.4169593772 1.9679991350 2.0575
1.4563193599 0 2.0837
1.4563193599 .0393599827 2.0835
1.4563193599 .0787199654 2.0830
1.4563193599 .1180799481 2.0821
1.4563193599 .1574399308 2.0808
1.4563193599 .1967999135 2.0792
1.4563193599 .2361598962 2.0770
1.4563193599 .2755198789 2.0745
1.4563193599 .3148798616 2.0717
1.4563193599 .3542398443 2.0685
1.4563193599 .3935998270 2.0650
1.4563193599 .4329598097 2.0611
1.4563193599 .4723197924 2.0570
1.4563193599 .5116797751 2.0526
1.4563193599 .5510397578 2.0479
1.4563193599 .5903997405 2.0431
1.4563193599 .6297597232 2.0381
1.4563193599 .6691197059 2.0331
1.4563193599 .7084796886 2.0282
1.4563193599 .7478396713 2.0234
1.4563193599 .7871996540 2.0189
1.4563193599 .8265596367 2.0147
1.4563193599 .8659196194 2.0108
1.4563193599 .9052796021 2.0072
1.4563193599 .9446395848 2.0041
1.4563193599 .9839995675 2.0013
1.4563193599 1.0233595502 1.9989
1.4563193599 1.0627195329 1.9970
1.4563193599 1.1020795156 1.9954
1.4563193599 1.1414394983 1.9943
1.4563193599 1.1807994810 1.9935
1.4563193599 1.2201594637 1.9931
1.4563193599 1.2595194464 1.9932
1.4563193599 1.2988794291 1.9938
1.4563193599 1.3382394118 1.9948
1.4563193599 1.3775993945 1.9962
1.4563193599 1.4169593772 1.9980
1.4563193599 1.4563193599 2.0001
1.4563193599 1.4956793426 2.0026
1.4563193599 1.5350393253 2.0056
1.4563193599 1.5743993080 2.0090
1.4563193599 1.6137592907 2.0127
1.4563193599 1.6531192734 2.0168
1.4563193599 1.6924792561 2.0211
1.4563193599 1.7318392388 2.0259
1.4563193599 1.7711992215 2.0306
1.4563193599 1.8105592042 2.0356
1.4563193599 1.8499191869 2.0406
1.4563193599 1.8892791696 2.0454
1.4563193599 1.9286391523 2.0502
1.4563193599 1.9679991350 2.0549
1.4956793426 0 2.0833
1.4956793426 .0393599827 2.0831
1.4956793426 .0787199654 2.0825
1.4956793426 .1180799481 2.0816
1.4956793426 .1574399308 2.0802
1.4956793426 .1967999135 2.0784
1.4956793426 .2361598962 2.0761
1.4956793426 .2755198789 2.0734
1.4956793426 .3148798616 2.0703
1.4956793426 .3542398443 2.0668
1.4956793426 .3935998270 2.0631
1.4956793426 .4329598097 2.0590
1.4956793426 .4723197924 2.0541
1.4956793426 .5116797751 2.0493
1.4956793426 .5510397578 2.0441
1.4956793426 .5903997405 2.0388
1.4956793426 .6297597232 2.0334
1.4956793426 .6691197059 2.0280
1.4956793426 .7084796886 2.0225
1.4956793426 .7478396713 2.0174
1.4956793426 .7871996540 2.0125
1.4956793426 .8265596367 2.0080
1.4956793426 .8659196194 2.0038
1.4956793426 .9052796021 2.0000
1.4956793426 .9446395848 1.9966
1.4956793426 .9839995675 1.9936
1.4956793426 1.0233595502 1.9911
1.4956793426 1.0627195329 1.9890
1.4956793426 1.1020795156 1.9874
1.4956793426 1.1414394983 1.9861
1.4956793426 1.1807994810 1.9853
1.4956793426 1.2201594637 1.9850
1.4956793426 1.2595194464 1.9851
1.4956793426 1.2988794291 1.9857
1.4956793426 1.3382394118 1.9867
1.4956793426 1.3775993945 1.9881
1.4956793426 1.4169593772 1.9900
1.4956793426 1.4563193599 1.9923
1.4956793426 1.4956793426 1.9950
1.4956793426 1.5350393253 1.9982
1.4956793426 1.5743993080 2.0018
1.4956793426 1.6137592907 2.0059
1.4956793426 1.6531192734 2.0102
1.4956793426 1.6924792561 2.0149
1.4956793426 1.7318392388 2.0202
1.4956793426 1.7711992215 2.0251
1.4956793426 1.8105592042 2.0307
1.4956793426 1.8499191869 2.0361
1.4956793426 1.8892791696 2.0415
1.4956793426 1.9286391523 2.0467
1.4956793426 1.9679991350 2.0518
1.5350393253 0 2.0825
1.5350393253 .0393599827 2.0823
1.5350393253 .0787199654 2.0817
1.5350393253 .1180799481 2.0806
1.5350393253 .1574399308 2.0792
1.5350393253 .1967999135 2.0773
1.5350393253 .2361598962 2.0749
1.5350393253 .2755198789 2.0720
1.5350393253 .3148798616 2.0686
1.5350393253 .3542398443 2.0649
1.5350393253 .3935998270 2.0607
1.5350393253 .4329598097 2.0561
1.5350393253 .4723197924 2.0511
1.5350393253 .5116797751 2.0457
1.5350393253 .5510397578 2.0402
1.5350393253 .5903997405 2.0343
1.5350393253 .6297597232 2.0285
1.5350393253 .6691197059 2.0226
1.5350393253 .7084796886 2.0168
1.5350393253 .7478396713 2.0113
1.5350393253 .7871996540 2.0061
1.5350393253 .8265596367 2.0013
1.5350393253 .8659196194 1.9968
1.5350393253 .9052796021 1.9928
1.5350393253 .9446395848 1.9892
1.5350393253 .9839995675 1.9861
1.5350393253 1.0233595502 1.9835
1.5350393253 1.0627195329 1.9813
1.5350393253 1.1020795156 1.9796
1.5350393253 1.1414394983 1.9784
1.5350393253 1.1807994810 1.9775
1.5350393253 1.2201594637 1.9772
1.5350393253 1.2595194464 1.9773
1.5350393253 1.2988794291 1.9779
1.5350393253 1.3382394118 1.9790
1.5350393253 1.3775993945 1.9804
1.5350393253 1.4169593772 1.9823
1.5350393253 1.4563193599 1.9847
1.5350393253 1.4956793426 1.9876
1.5350393253 1.5350393253 1.9910
1.5350393253 1.5743993080 1.9948
1.5350393253 1.6137592907 1.9990
1.5350393253 1.6531192734 2.0038
1.5350393253 1.6924792561 2.0086
1.5350393253 1.7318392388 2.0143
1.5350393253 1.7711992215 2.0196
1.5350393253 1.8105592042 2.0255
1.5350393253 1.8499191869 2.0314
1.5350393253 1.8892791696 2.0372
1.5350393253 1.9286391523 2.0429
1.5350393253 1.9679991350 2.0484
1.5743993080 0 2.0815
1.5743993080 .0393599827 2.0813
1.5743993080 .0787199654 2.0806
1.5743993080 .1180799481 2.0795
1.5743993080 .1574399308 2.0779
1.5743993080 .1967999135 2.0759
1.5743993080 .2361598962 2.0734
1.5743993080 .2755198789 2.0703
1.5743993080 .3148798616 2.0667
1.5743993080 .3542398443 2.0627
1.5743993080 .3935998270 2.0582
1.5743993080 .4329598097 2.0533
1.5743993080 .4723197924 2.0479
1.5743993080 .5116797751 2.0419
1.5743993080 .5510397578 2.0359
1.5743993080 .5903997405 2.0297
1.5743993080 .6297597232 2.0234
1.5743993080 .6691197059 2.0171
1.5743993080 .7084796886 2.0111
1.5743993080 .7478396713 2.0053
1.5743993080 .7871996540 1.9998
1.5743993080 .8265596367 1.9947
1.5743993080 .8659196194 1.9901
1.5743993080 .9052796021 1.9861
1.5743993080 .9446395848 1.9824
1.5743993080 .9839995675 1.9791
1.5743993080 1.0233595502 1.9764
1.5743993080 1.0627195329 1.9741
1.5743993080 1.1020795156 1.9723
1.5743993080 1.1414394983 1.9710
1.5743993080 1.1807994810 1.9702
1.5743993080 1.2201594637 1.9698
1.5743993080 1.2595194464 1.9699
1.5743993080 1.2988794291 1.9706
1.5743993080 1.3382394118 1.9716
1.5743993080 1.3775993945 1.9732
1.5743993080 1.4169593772 1.9752
1.5743993080 1.4563193599 1.9776
1.5743993080 1.4956793426 1.9806
1.5743993080 1.5350393253 1.9844
1.5743993080 1.5743993080 1.9883
1.5743993080 1.6137592907 1.9925
1.5743993080 1.6531192734 1.9974
1.5743993080 1.6924792561 2.0025
1.5743993080 1.7318392388 2.0081
1.5743993080 1.7711992215 2.0140
1.5743993080 1.8105592042 2.0202
1.5743993080 1.8499191869 2.0265
1.5743993080 1.8892791696 2.0328
1.5743993080 1.9286391523 2.0389
1.5743993080 1.9679991350 2.0449
1.6137592907 0 2.0801
1.6137592907 .0393599827 2.0801
1.6137592907 .0787199654 2.0793
1.6137592907 .1180799481 2.0781
1.6137592907 .1574399308 2.0764
1.6137592907 .1967999135 2.0742
1.6137592907 .2361598962 2.0715
1.6137592907 .2755198789 2.0682
1.6137592907 .3148798616 2.0645
1.6137592907 .3542398443 2.0602
1.6137592907 .3935998270 2.0554
1.6137592907 .4329598097 2.0500
1.6137592907 .4723197924 2.0442
1.6137592907 .5116797751 2.0379
1.6137592907 .5510397578 2.0317
1.6137592907 .5903997405 2.0250
1.6137592907 .6297597232 2.0182
1.6137592907 .6691197059 2.0117
1.6137592907 .7084796886 2.0054
1.6137592907 .7478396713 1.9993
1.6137592907 .7871996540 1.9936
1.6137592907 .8265596367 1.9884
1.6137592907 .8659196194 1.9836
1.6137592907 .9052796021 1.9794
1.6137592907 .9446395848 1.9756
1.6137592907 .9839995675 1.9724
1.6137592907 1.0233595502 1.9696
1.6137592907 1.0627195329 1.9674
1.6137592907 1.1020795156 1.9656
1.6137592907 1.1414394983 1.9642
1.6137592907 1.1807994810 1.9634
1.6137592907 1.2201594637 1.9630
1.6137592907 1.2595194464 1.9631
1.6137592907 1.2988794291 1.9637
1.6137592907 1.3382394118 1.9648
1.6137592907 1.3775993945 1.9664
1.6137592907 1.4169593772 1.9684
1.6137592907 1.4563193599 1.9710
1.6137592907 1.4956793426 1.9742
1.6137592907 1.5350393253 1.9777
1.6137592907 1.5743993080 1.9816
1.6137592907 1.6137592907 1.9862
1.6137592907 1.6531192734 1.9910
1.6137592907 1.6924792561 1.9967
1.6137592907 1.7318392388 2.0026
1.6137592907 1.7711992215 2.0085
1.6137592907 1.8105592042 2.0149
1.6137592907 1.8499191869 2.0216
1.6137592907 1.8892791696 2.0281
1.6137592907 1.9286391523 2.0347
1.6137592907 1.9679991350 2.0410
1.6531192734 0 2.0788
1.6531192734 .0393599827 2.0784
1.6531192734 .0787199654 2.0778
1.6531192734 .1180799481 2.0764
1.6531192734 .1574399308 2.0745
1.6531192734 .1967999135 2.0722
1.6531192734 .2361598962 2.0693
1.6531192734 .2755198789 2.0659
1.6531192734 .3148798616 2.0619
1.6531192734 .3542398443 2.0575
1.6531192734 .3935998270 2.0523
1.6531192734 .4329598097 2.0466
1.6531192734 .4723197924 2.0403
1.6531192734 .5116797751 2.0338
1.6531192734 .5510397578 2.0270
1.6531192734 .5903997405 2.0200
1.6531192734 .6297597232 2.0131
1.6531192734 .6691197059 2.0063
1.6531192734 .7084796886 1.9999
1.6531192734 .7478396713 1.9936
1.6531192734 .7871996540 1.9878
1.6531192734 .8265596367 1.9824
1.6531192734 .8659196194 1.9776
1.6531192734 .9052796021 1.9734
1.6531192734 .9446395848 1.9695
1.6531192734 .9839995675 1.9662
1.6531192734 1.0233595502 1.9634
1.6531192734 1.0627195329 1.9611
1.6531192734 1.1020795156 1.9593
1.6531192734 1.1414394983 1.9579
1.6531192734 1.1807994810 1.9571
1.6531192734 1.2201594637 1.9567
1.6531192734 1.2595194464 1.9569
1.6531192734 1.2988794291 1.9575
1.6531192734 1.3382394118 1.9586
1.6531192734 1.3775993945 1.9601
1.6531192734 1.4169593772 1.9623
1.6531192734 1.4563193599 1.9650
1.6531192734 1.4956793426 1.9681
1.6531192734 1.5350393253 1.9713
1.6531192734 1.5743993080 1.9756
1.6531192734 1.6137592907 1.9801
1.6531192734 1.6531192734 1.9851
1.6531192734 1.6924792561 1.9906
1.6531192734 1.7318392388 1.9966
1.6531192734 1.7711992215 2.0030
1.6531192734 1.8105592042 2.0098
1.6531192734 1.8499191869 2.0165
1.6531192734 1.8892791696 2.0235
1.6531192734 1.9286391523 2.0304
1.6531192734 1.9679991350 2.0369
1.6924792561 0 2.0770
1.6924792561 .0393599827 2.0770
1.6924792561 .0787199654 2.0760
1.6924792561 .1180799481 2.0746
1.6924792561 .1574399308 2.0727
1.6924792561 .1967999135 2.0702
1.6924792561 .2361598962 2.0672
1.6924792561 .2755198789 2.0636
1.6924792561 .3148798616 2.0594
1.6924792561 .3542398443 2.0546
1.6924792561 .3935998270 2.0490
1.6924792561 .4329598097 2.0430
1.6924792561 .4723197924 2.0365
1.6924792561 .5116797751 2.0296
1.6924792561 .5510397578 2.0224
1.6924792561 .5903997405 2.0152
1.6924792561 .6297597232 2.0081
1.6924792561 .6691197059 2.0012
1.6924792561 .7084796886 1.9945
1.6924792561 .7478396713 1.9882
1.6924792561 .7871996540 1.9823
1.6924792561 .8265596367 1.9768
1.6924792561 .8659196194 1.9720
1.6924792561 .9052796021 1.9678
1.6924792561 .9446395848 1.9638
1.6924792561 .9839995675 1.9605
1.6924792561 1.0233595502 1.9577
1.6924792561 1.0627195329 1.9554
1.6924792561 1.1020795156 1.9536
1.6924792561 1.1414394983 1.9522
1.6924792561 1.1807994810 1.9514
1.6924792561 1.2201594637 1.9510
1.6924792561 1.2595194464 1.9511
1.6924792561 1.2988794291 1.9517
1.6924792561 1.3382394118 1.9529
1.6924792561 1.3775993945 1.9544
1.6924792561 1.4169593772 1.9565
1.6924792561 1.4563193599 1.9593
1.6924792561 1.4956793426 1.9621
1.6924792561 1.5350393253 1.9659
1.6924792561 1.5743993080 1.9698
1.6924792561 1.6137592907 1.9744
1.6924792561 1.6531192734 1.9795
1.6924792561 1.6924792561 1.9852
1.6924792561 1.7318392388 1.9912
1.6924792561 1.7711992215 1.9977
1.6924792561 1.8105592042 2.0046
1.6924792561 1.8499191869 2.0116
1.6924792561 1.8892791696 2.0188
1.6924792561 1.9286391523 2.0262
1.6924792561 1.9679991350 2.0329
1.7318392388 0 2.0752
1.7318392388 .0393599827 2.0751
1.7318392388 .0787199654 2.0741
1.7318392388 .1180799481 2.0726
1.7318392388 .1574399308 2.0706
1.7318392388 .1967999135 2.0680
1.7318392388 .2361598962 2.0649
1.7318392388 .2755198789 2.0611
1.7318392388 .3148798616 2.0566
1.7318392388 .3542398443 2.0515
1.7318392388 .3935998270 2.0457
1.7318392388 .4329598097 2.0394
1.7318392388 .4723197924 2.0326
1.7318392388 .5116797751 2.0254
1.7318392388 .5510397578 2.0180
1.7318392388 .5903997405 2.0105
1.7318392388 .6297597232 2.0032
1.7318392388 .6691197059 1.9961
1.7318392388 .7084796886 1.9895
1.7318392388 .7478396713 1.9831
1.7318392388 .7871996540 1.9772
1.7318392388 .8265596367 1.9717
1.7318392388 .8659196194 1.9670
1.7318392388 .9052796021 1.9626
1.7318392388 .9446395848 1.9587
1.7318392388 .9839995675 1.9555
1.7318392388 1.0233595502 1.9525
1.7318392388 1.0627195329 1.9502
1.7318392388 1.1020795156 1.9484
1.7318392388 1.1414394983 1.9470
1.7318392388 1.1807994810 1.9462
1.7318392388 1.2201594637 1.9457
1.7318392388 1.2595194464 1.9459
1.7318392388 1.2988794291 1.9465
1.7318392388 1.3382394118 1.9476
1.7318392388 1.3775993945 1.9492
1.7318392388 1.4169593772 1.9513
1.7318392388 1.4563193599 1.9541
1.7318392388 1.4956793426 1.9572
1.7318392388 1.5350393253 1.9605
1.7318392388 1.5743993080 1.9646
1.7318392388 1.6137592907 1.9692
1.7318392388 1.6531192734 1.9744
1.7318392388 1.6924792561 1.9800
1.7318392388 1.7318392388 1.9861
1.7318392388 1.7711992215 1.9926
1.7318392388 1.8105592042 1.9996
1.7318392388 1.8499191869 2.0070
1.7318392388 1.8892791696 2.0142
1.7318392388 1.9286391523 2.0216
1.7318392388 1.9679991350 2.0288
1.7711992215 0 2.0733
1.7711992215 .0393599827 2.0731
1.7711992215 .0787199654 2.0722
1.7711992215 .1180799481 2.0706
1.7711992215 .1574399308 2.0686
1.7711992215 .1967999135 2.0659
1.7711992215 .2361598962 2.0626
1.7711992215 .2755198789 2.0588
1.7711992215 .3148798616 2.0542
1.7711992215 .3542398443 2.0487
1.7711992215 .3935998270 2.0425
1.7711992215 .4329598097 2.0359
1.7711992215 .4723197924 2.0288
1.7711992215 .5116797751 2.0214
1.7711992215 .5510397578 2.0137
1.7711992215 .5903997405 2.0061
1.7711992215 .6297597232 1.9987
1.7711992215 .6691197059 1.9915
1.7711992215 .7084796886 1.9847
1.7711992215 .7478396713 1.9784
1.7711992215 .7871996540 1.9725
1.7711992215 .8265596367 1.9671
1.7711992215 .8659196194 1.9622
1.7711992215 .9052796021 1.9579
1.7711992215 .9446395848 1.9540
1.7711992215 .9839995675 1.9508
1.7711992215 1.0233595502 1.9478
1.7711992215 1.0627195329 1.9455
1.7711992215 1.1020795156 1.9437
1.7711992215 1.1414394983 1.9422
1.7711992215 1.1807994810 1.9415
1.7711992215 1.2201594637 1.9411
1.7711992215 1.2595194464 1.9412
1.7711992215 1.2988794291 1.9418
1.7711992215 1.3382394118 1.9429
1.7711992215 1.3775993945 1.9445
1.7711992215 1.4169593772 1.9467
1.7711992215 1.4563193599 1.9494
1.7711992215 1.4956793426 1.9524
1.7711992215 1.5350393253 1.9558
1.7711992215 1.5743993080 1.9599
1.7711992215 1.6137592907 1.9645
1.7711992215 1.6531192734 1.9698
1.7711992215 1.6924792561 1.9755
1.7711992215 1.7318392388 1.9814
1.7711992215 1.7711992215 1.9879
1.7711992215 1.8105592042 1.9950
1.7711992215 1.8499191869 2.0023
1.7711992215 1.8892791696 2.0099
1.7711992215 1.9286391523 2.0175
1.7711992215 1.9679991350 2.0250
1.8105592042 0 2.0714
1.8105592042 .0393599827 2.0712
1.8105592042 .0787199654 2.0702
1.8105592042 .1180799481 2.0687
1.8105592042 .1574399308 2.0668
1.8105592042 .1967999135 2.0639
1.8105592042 .2361598962 2.0604
1.8105592042 .2755198789 2.0562
1.8105592042 .3148798616 2.0512
1.8105592042 .3542398443 2.0456
1.8105592042 .3935998270 2.0393
1.8105592042 .4329598097 2.0324
1.8105592042 .4723197924 2.0252
1.8105592042 .5116797751 2.0175
1.8105592042 .5510397578 2.0098
1.8105592042 .5903997405 2.0020
1.8105592042 .6297597232 1.9945
1.8105592042 .6691197059 1.9873
1.8105592042 .7084796886 1.9805
1.8105592042 .7478396713 1.9741
1.8105592042 .7871996540 1.9681
1.8105592042 .8265596367 1.9627
1.8105592042 .8659196194 1.9579
1.8105592042 .9052796021 1.9535
1.8105592042 .9446395848 1.9497
1.8105592042 .9839995675 1.9464
1.8105592042 1.0233595502 1.9438
1.8105592042 1.0627195329 1.9416
1.8105592042 1.1020795156 1.9395
1.8105592042 1.1414394983 1.9382
1.8105592042 1.1807994810 1.9374
1.8105592042 1.2201594637 1.9370
1.8105592042 1.2595194464 1.9371
1.8105592042 1.2988794291 1.9377
1.8105592042 1.3382394118 1.9388
1.8105592042 1.3775993945 1.9404
1.8105592042 1.4169593772 1.9424
1.8105592042 1.4563193599 1.9450
1.8105592042 1.4956793426 1.9480
1.8105592042 1.5350393253 1.9516
1.8105592042 1.5743993080 1.9556
1.8105592042 1.6137592907 1.9602
1.8105592042 1.6531192734 1.9653
1.8105592042 1.6924792561 1.9712
1.8105592042 1.7318392388 1.9771
1.8105592042 1.7711992215 1.9837
1.8105592042 1.8105592042 1.9909
1.8105592042 1.8499191869 1.9982
1.8105592042 1.8892791696 2.0058
1.8105592042 1.9286391523 2.0136
1.8105592042 1.9679991350 2.0214
1.8499191869 0 2.0697
1.8499191869 .0393599827 2.0694
1.8499191869 .0787199654 2.0684
1.8499191869 .1180799481 2.0670
1.8499191869 .1574399308 2.0647
1.8499191869 .1967999135 2.0618
1.8499191869 .2361598962 2.0581
1.8499191869 .2755198789 2.0540
1.8499191869 .3148798616 2.0487
1.8499191869 .3542398443 2.0428
1.8499191869 .3935998270 2.0362
1.8499191869 .4329598097 2.0292
1.8499191869 .4723197924 2.0217
1.8499191869 .5116797751 2.0140
1.8499191869 .5510397578 2.0062
1.8499191869 .5903997405 1.9984
1.8499191869 .6297597232 1.9907
1.8499191869 .6691197059 1.9834
1.8499191869 .7084796886 1.9766
1.8499191869 .7478396713 1.9702
1.8499191869 .7871996540 1.9643
1.8499191869 .8265596367 1.9590
1.8499191869 .8659196194 1.9541
1.8499191869 .9052796021 1.9497
1.8499191869 .9446395848 1.9459
1.8499191869 .9839995675 1.9427
1.8499191869 1.0233595502 1.9399
1.8499191869 1.0627195329 1.9379
1.8499191869 1.1020795156 1.9359
1.8499191869 1.1414394983 1.9346
1.8499191869 1.1807994810 1.9338
1.8499191869 1.2201594637 1.9335
1.8499191869 1.2595194464 1.9336
1.8499191869 1.2988794291 1.9342
1.8499191869 1.3382394118 1.9352
1.8499191869 1.3775993945 1.9367
1.8499191869 1.4169593772 1.9387
1.8499191869 1.4563193599 1.9413
1.8499191869 1.4956793426 1.9443
1.8499191869 1.5350393253 1.9478
1.8499191869 1.5743993080 1.9519
1.8499191869 1.6137592907 1.9564
1.8499191869 1.6531192734 1.9615
1.8499191869 1.6924792561 1.9674
1.8499191869 1.7318392388 1.9733
1.8499191869 1.7711992215 1.9800
1.8499191869 1.8105592042 1.9872
1.8499191869 1.8499191869 1.9947
1.8499191869 1.8892791696 2.0024
1.8499191869 1.9286391523 2.0101
1.8499191869 1.9679991350 2.0179
1.8892791696 0 2.0681
1.8892791696 .0393599827 2.0678
1.8892791696 .0787199654 2.0668
1.8892791696 .1180799481 2.0651
1.8892791696 .1574399308 2.0627
1.8892791696 .1967999135 2.0599
1.8892791696 .2361598962 2.0559
1.8892791696 .2755198789 2.0514
1.8892791696 .3148798616 2.0462
1.8892791696 .3542398443 2.0402
1.8892791696 .3935998270 2.0335
1.8892791696 .4329598097 2.0263
1.8892791696 .4723197924 2.0186
1.8892791696 .5116797751 2.0108
1.8892791696 .5510397578 2.0029
1.8892791696 .5903997405 1.9950
1.8892791696 .6297597232 1.9874
1.8892791696 .6691197059 1.9801
1.8892791696 .7084796886 1.9733
1.8892791696 .7478396713 1.9669
1.8892791696 .7871996540 1.9610
1.8892791696 .8265596367 1.9556
1.8892791696 .8659196194 1.9508
1.8892791696 .9052796021 1.9465
1.8892791696 .9446395848 1.9427
1.8892791696 .9839995675 1.9395
1.8892791696 1.0233595502 1.9368
1.8892791696 1.0627195329 1.9345
1.8892791696 1.1020795156 1.9327
1.8892791696 1.1414394983 1.9315
1.8892791696 1.1807994810 1.9307
1.8892791696 1.2201594637 1.9304
1.8892791696 1.2595194464 1.9305
1.8892791696 1.2988794291 1.9311
1.8892791696 1.3382394118 1.9321
1.8892791696 1.3775993945 1.9336
1.8892791696 1.4169593772 1.9356
1.8892791696 1.4563193599 1.9381
1.8892791696 1.4956793426 1.9411
1.8892791696 1.5350393253 1.9446
1.8892791696 1.5743993080 1.9486
1.8892791696 1.6137592907 1.9532
1.8892791696 1.6531192734 1.9582
1.8892791696 1.6924792561 1.9638
1.8892791696 1.7318392388 1.9702
1.8892791696 1.7711992215 1.9766
1.8892791696 1.8105592042 1.9837
1.8892791696 1.8499191869 1.9913
1.8892791696 1.8892791696 1.9991
1.8892791696 1.9286391523 2.0069
1.8892791696 1.9679991350 2.0147
1.9286391523 0 2.0664
1.9286391523 .0393599827 2.0661
1.9286391523 .0787199654 2.0650
1.9286391523 .1180799481 2.0633
1.9286391523 .1574399308 2.0609
1.9286391523 .1967999135 2.0578
1.9286391523 .2361598962 2.0540
1.9286391523 .2755198789 2.0494
1.9286391523 .3148798616 2.0440
1.9286391523 .3542398443 2.0378
1.9286391523 .3935998270 2.0309
1.9286391523 .4329598097 2.0236
1.9286391523 .4723197924 2.0159
1.9286391523 .5116797751 2.0080
1.9286391523 .5510397578 2.0000
1.9286391523 .5903997405 1.9921
1.9286391523 .6297597232 1.9845
1.9286391523 .6691197059 1.9773
1.9286391523 .7084796886 1.9704
1.9286391523 .7478396713 1.9640
1.9286391523 .7871996540 1.9582
1.9286391523 .8265596367 1.9529
1.9286391523 .8659196194 1.9481
1.9286391523 .9052796021 1.9440
1.9286391523 .9446395848 1.9401
1.9286391523 .9839995675 1.9368
1.9286391523 1.0233595502 1.9341
1.9286391523 1.0627195329 1.9319
1.9286391523 1.1020795156 1.9301
1.9286391523 1.1414394983 1.9289
1.9286391523 1.1807994810 1.9282
1.9286391523 1.2201594637 1.9278
1.9286391523 1.2595194464 1.9279
1.9286391523 1.2988794291 1.9285
1.9286391523 1.3382394118 1.9295
1.9286391523 1.3775993945 1.9310
1.9286391523 1.4169593772 1.9330
1.9286391523 1.4563193599 1.9354
1.9286391523 1.4956793426 1.9384
1.9286391523 1.5350393253 1.9418
1.9286391523 1.5743993080 1.9459
1.9286391523 1.6137592907 1.9504
1.9286391523 1.6531192734 1.9555
1.9286391523 1.6924792561 1.9610
1.9286391523 1.7318392388 1.9671
1.9286391523 1.7711992215 1.9737
1.9286391523 1.8105592042 1.9808
1.9286391523 1.8499191869 1.9884
1.9286391523 1.8892791696 1.9960
1.9286391523 1.9286391523 2.0041
1.9286391523 1.9679991350 2.0121
1.9679991350 0 2.0650
1.9679991350 .0393599827 2.0646
1.9679991350 .0787199654 2.0636
1.9679991350 .1180799481 2.0618
1.9679991350 .1574399308 2.0594
1.9679991350 .1967999135 2.0565
1.9679991350 .2361598962 2.0522
1.9679991350 .2755198789 2.0475
1.9679991350 .3148798616 2.0420
1.9679991350 .3542398443 2.0358
1.9679991350 .3935998270 2.0288
1.9679991350 .4329598097 2.0214
1.9679991350 .4723197924 2.0136
1.9679991350 .5116797751 2.0056
1.9679991350 .5510397578 1.9976
1.9679991350 .5903997405 1.9897
1.9679991350 .6297597232 1.9820
1.9679991350 .6691197059 1.9748
1.9679991350 .7084796886 1.9680
1.9679991350 .7478396713 1.9617
1.9679991350 .7871996540 1.9559
1.9679991350 .8265596367 1.9506
1.9679991350 .8659196194 1.9458
1.9679991350 .9052796021 1.9418
1.9679991350 .9446395848 1.9379
1.9679991350 .9839995675 1.9347
1.9679991350 1.0233595502 1.9320
1.9679991350 1.0627195329 1.9298
1.9679991350 1.1020795156 1.9281
1.9679991350 1.1414394983 1.9268
1.9679991350 1.1807994810 1.9260
1.9679991350 1.2201594637 1.9257
1.9679991350 1.2595194464 1.9258
1.9679991350 1.2988794291 1.9264
1.9679991350 1.3382394118 1.9274
1.9679991350 1.3775993945 1.9289
1.9679991350 1.4169593772 1.9309
1.9679991350 1.4563193599 1.9333
1.9679991350 1.4956793426 1.9362
1.9679991350 1.5350393253 1.9396
1.9679991350 1.5743993080 1.9436
1.9679991350 1.6137592907 1.9481
1.9679991350 1.6531192734 1.9532
1.9679991350 1.6924792561 1.9587
1.9679991350 1.7318392388 1.9648
1.9679991350 1.7711992215 1.9715
1.9679991350 1.8105592042 1.9785
1.9679991350 1.8499191869 1.9858
1.9679991350 1.8892791696 1.9936
1.9679991350 1.9286391523 2.0016
1.9679991350 1.9679991350 2.0097
