0 0 -0.02686725
0 .0393599827 -0.02686733
0 .0787199654 -0.02686759
0 .1180799481 -0.02686802
0 .1574399308 -0.02686860
0 .1967999135 -0.02686932
0 .2361598962 -0.02687018
0 .2755198789 -0.02687114
0 .3148798616 -0.02687220
0 .3542398443 -0.02687334
0 .3935998270 -0.02687452
0 .4329598097 -0.02687573
0 .4723197924 -0.02687695
0 .5116797751 -0.02687816
0 .5510397578 -0.02687934
0 .5903997405 -0.02688047
0 .6297597232 -0.02688155
0 .6691197059 -0.02688255
0 .7084796886 -0.02688347
0 .7478396713 -0.02688431
0 .7871996540 -0.02688506
0 .8265596367 -0.02688571
0 .8659196194 -0.02688629
0 .9052796021 -0.02688677
0 .9446395848 -0.02688718
0 .9839995675 -0.02688752
0 1.0233595502 -0.02688779
0 1.0627195329 -0.02688800
0 1.1020795156 -0.02688816
0 1.1414394983 -0.02688827
0 1.1807994810 -0.02688834
0 1.2201594637 -0.02688837
0 1.2595194464 -0.02688836
0 1.2988794291 -0.02688831
0 1.3382394118 -0.02688822
0 1.3775993945 -0.02688809
0 1.4169593772 -0.02688790
0 1.4563193599 -0.02688766
0 1.4956793426 -0.02688736
0 1.5350393253 -0.02688699
0 1.5743993080 -0.02688654
0 1.6137592907 -0.02688601
0 1.6531192734 -0.02688540
0 1.6924792561 -0.02688469
0 1.7318392388 -0.02688390
0 1.7711992215 -0.02688302
0 1.8105592042 -0.02688206
0 1.8499191869 -0.02688102
0 1.8892791696 -0.02687991
0 1.9286391523 -0.02687876
0 1.9679991350 -0.02687756
.0393599827 0 -0.02686733
.0393599827 .0393599827 -0.02686742
.0393599827 .0787199654 -0.02686768
.0393599827 .1180799481 -0.02686810
.0393599827 .1574399308 -0.02686868
.0393599827 .1967999135 -0.02686940
.0393599827 .2361598962 -0.02687025
.0393599827 .2755198789 -0.02687122
.0393599827 .3148798616 -0.02687227
.0393599827 .3542398443 -0.02687340
.0393599827 .3935998270 -0.02687458
.0393599827 .4329598097 -0.02687579
.0393599827 .4723197924 -0.02687700
.0393599827 .5116797751 -0.02687820
.0393599827 .5510397578 -0.02687938
.0393599827 .5903997405 -0.02688050
.0393599827 .6297597232 -0.02688157
.0393599827 .6691197059 -0.02688257
.0393599827 .7084796886 -0.02688348
.0393599827 .7478396713 -0.02688431
.0393599827 .7871996540 -0.02688506
.0393599827 .8265596367 -0.02688571
.0393599827 .8659196194 -0.02688628
.0393599827 .9052796021 -0.02688676
.0393599827 .9446395848 -0.02688716
.0393599827 .9839995675 -0.02688750
.0393599827 1.0233595502 -0.02688776
.0393599827 1.0627195329 -0.02688797
.0393599827 1.1020795156 -0.02688813
.0393599827 1.1414394983 -0.02688824
.0393599827 1.1807994810 -0.02688831
.0393599827 1.2201594637 -0.02688834
.0393599827 1.2595194464 -0.02688833
.0393599827 1.2988794291 -0.02688828
.0393599827 1.3382394118 -0.02688819
.0393599827 1.3775993945 -0.02688806
.0393599827 1.4169593772 -0.02688788
.0393599827 1.4563193599 -0.02688764
.0393599827 1.4956793426 -0.02688734
.0393599827 1.5350393253 -0.02688697
.0393599827 1.5743993080 -0.02688653
.0393599827 1.6137592907 -0.02688600
.0393599827 1.6531192734 -0.02688539
.0393599827 1.6924792561 -0.02688470
.0393599827 1.7318392388 -0.02688391
.0393599827 1.7711992215 -0.02688304
.0393599827 1.8105592042 -0.02688208
.0393599827 1.8499191869 -0.02688105
.0393599827 1.8892791696 -0.02687995
.0393599827 1.9286391523 -0.02687879
.0393599827 1.9679991350 -0.02687760
.0787199654 0 -0.02686759
.0787199654 .0393599827 -0.02686768
.0787199654 .0787199654 -0.02686793
.0787199654 .1180799481 -0.02686835
.0787199654 .1574399308 -0.02686892
.0787199654 .1967999135 -0.02686964
.0787199654 .2361598962 -0.02687048
.0787199654 .2755198789 -0.02687143
.0787199654 .3148798616 -0.02687247
.0787199654 .3542398443 -0.02687359
.0787199654 .3935998270 -0.02687475
.0787199654 .4329598097 -0.02687594
.0787199654 .4723197924 -0.02687714
.0787199654 .5116797751 -0.02687833
.0787199654 .5510397578 -0.02687948
.0787199654 .5903997405 -0.02688059
.0787199654 .6297597232 -0.02688164
.0787199654 .6691197059 -0.02688262
.0787199654 .7084796886 -0.02688352
.0787199654 .7478396713 -0.02688433
.0787199654 .7871996540 -0.02688506
.0787199654 .8265596367 -0.02688570
.0787199654 .8659196194 -0.02688625
.0787199654 .9052796021 -0.02688672
.0787199654 .9446395848 -0.02688711
.0787199654 .9839995675 -0.02688744
.0787199654 1.0233595502 -0.02688769
.0787199654 1.0627195329 -0.02688789
.0787199654 1.1020795156 -0.02688805
.0787199654 1.1414394983 -0.02688815
.0787199654 1.1807994810 -0.02688822
.0787199654 1.2201594637 -0.02688824
.0787199654 1.2595194464 -0.02688823
.0787199654 1.2988794291 -0.02688819
.0787199654 1.3382394118 -0.02688810
.0787199654 1.3775993945 -0.02688798
.0787199654 1.4169593772 -0.02688780
.0787199654 1.4563193599 -0.02688757
.0787199654 1.4956793426 -0.02688728
.0787199654 1.5350393253 -0.02688693
.0787199654 1.5743993080 -0.02688649
.0787199654 1.6137592907 -0.02688598
.0787199654 1.6531192734 -0.02688539
.0787199654 1.6924792561 -0.02688471
.0787199654 1.7318392388 -0.02688394
.0787199654 1.7711992215 -0.02688308
.0787199654 1.8105592042 -0.02688214
.0787199654 1.8499191869 -0.02688113
.0787199654 1.8892791696 -0.02688004
.0787199654 1.9286391523 -0.02687891
.0787199654 1.9679991350 -0.02687774
.1180799481 0 -0.02686802
.1180799481 .0393599827 -0.02686810
.1180799481 .0787199654 -0.02686835
.1180799481 .1180799481 -0.02686876
.1180799481 .1574399308 -0.02686932
.1180799481 .1967999135 -0.02687002
.1180799481 .2361598962 -0.02687085
.1180799481 .2755198789 -0.02687178
.1180799481 .3148798616 -0.02687281
.1180799481 .3542398443 -0.02687390
.1180799481 .3935998270 -0.02687504
.1180799481 .4329598097 -0.02687620
.1180799481 .4723197924 -0.02687737
.1180799481 .5116797751 -0.02687853
.1180799481 .5510397578 -0.02687966
.1180799481 .5903997405 -0.02688074
.1180799481 .6297597232 -0.02688176
.1180799481 .6691197059 -0.02688271
.1180799481 .7084796886 -0.02688358
.1180799481 .7478396713 -0.02688437
.1180799481 .7871996540 -0.02688507
.1180799481 .8265596367 -0.02688568
.1180799481 .8659196194 -0.02688621
.1180799481 .9052796021 -0.02688666
.1180799481 .9446395848 -0.02688703
.1180799481 .9839995675 -0.02688733
.1180799481 1.0233595502 -0.02688758
.1180799481 1.0627195329 -0.02688777
.1180799481 1.1020795156 -0.02688791
.1180799481 1.1414394983 -0.02688800
.1180799481 1.1807994810 -0.02688807
.1180799481 1.2201594637 -0.02688809
.1180799481 1.2595194464 -0.02688808
.1180799481 1.2988794291 -0.02688804
.1180799481 1.3382394118 -0.02688796
.1180799481 1.3775993945 -0.02688784
.1180799481 1.4169593772 -0.02688768
.1180799481 1.4563193599 -0.02688746
.1180799481 1.4956793426 -0.02688719
.1180799481 1.5350393253 -0.02688685
.1180799481 1.5743993080 -0.02688644
.1180799481 1.6137592907 -0.02688595
.1180799481 1.6531192734 -0.02688538
.1180799481 1.6924792561 -0.02688473
.1180799481 1.7318392388 -0.02688398
.1180799481 1.7711992215 -0.02688315
.1180799481 1.8105592042 -0.02688224
.1180799481 1.8499191869 -0.02688126
.1180799481 1.8892791696 -0.02688021
.1180799481 1.9286391523 -0.02687910
.1180799481 1.9679991350 -0.02687796
.1574399308 0 -0.02686860
.1574399308 .0393599827 -0.02686868
.1574399308 .0787199654 -0.02686892
.1574399308 .1180799481 -0.02686932
.1574399308 .1574399308 -0.02686987
.1574399308 .1967999135 -0.02687055
.1574399308 .2361598962 -0.02687136
.1574399308 .2755198789 -0.02687227
.1574399308 .3148798616 -0.02687326
.1574399308 .3542398443 -0.02687432
.1574399308 .3935998270 -0.02687543
.1574399308 .4329598097 -0.02687656
.1574399308 .4723197924 -0.02687769
.1574399308 .5116797751 -0.02687881
.1574399308 .5510397578 -0.02687990
.1574399308 .5903997405 -0.02688094
.1574399308 .6297597232 -0.02688192
.1574399308 .6691197059 -0.02688283
.1574399308 .7084796886 -0.02688366
.1574399308 .7478396713 -0.02688441
.1574399308 .7871996540 -0.02688508
.1574399308 .8265596367 -0.02688565
.1574399308 .8659196194 -0.02688615
.1574399308 .9052796021 -0.02688657
.1574399308 .9446395848 -0.02688692
.1574399308 .9839995675 -0.02688720
.1574399308 1.0233595502 -0.02688742
.1574399308 1.0627195329 -0.02688759
.1574399308 1.1020795156 -0.02688772
.1574399308 1.1414394983 -0.02688781
.1574399308 1.1807994810 -0.02688786
.1574399308 1.2201594637 -0.02688788
.1574399308 1.2595194464 -0.02688788
.1574399308 1.2988794291 -0.02688784
.1574399308 1.3382394118 -0.02688777
.1574399308 1.3775993945 -0.02688766
.1574399308 1.4169593772 -0.02688751
.1574399308 1.4563193599 -0.02688732
.1574399308 1.4956793426 -0.02688706
.1574399308 1.5350393253 -0.02688675
.1574399308 1.5743993080 -0.02688637
.1574399308 1.6137592907 -0.02688591
.1574399308 1.6531192734 -0.02688538
.1574399308 1.6924792561 -0.02688475
.1574399308 1.7318392388 -0.02688405
.1574399308 1.7711992215 -0.02688326
.1574399308 1.8105592042 -0.02688238
.1574399308 1.8499191869 -0.02688144
.1574399308 1.8892791696 -0.02688043
.1574399308 1.9286391523 -0.02687936
.1574399308 1.9679991350 -0.02687826
.1967999135 0 -0.02686932
.1967999135 .0393599827 -0.02686940
.1967999135 .0787199654 -0.02686964
.1967999135 .1180799481 -0.02687002
.1967999135 .1574399308 -0.02687055
.1967999135 .1967999135 -0.02687122
.1967999135 .2361598962 -0.02687199
.1967999135 .2755198789 -0.02687287
.1967999135 .3148798616 -0.02687383
.1967999135 .3542398443 -0.02687485
.1967999135 .3935998270 -0.02687592
.1967999135 .4329598097 -0.02687700
.1967999135 .4723197924 -0.02687809
.1967999135 .5116797751 -0.02687916
.1967999135 .5510397578 -0.02688020
.1967999135 .5903997405 -0.02688119
.1967999135 .6297597232 -0.02688212
.1967999135 .6691197059 -0.02688298
.1967999135 .7084796886 -0.02688377
.1967999135 .7478396713 -0.02688447
.1967999135 .7871996540 -0.02688509
.1967999135 .8265596367 -0.02688563
.1967999135 .8659196194 -0.02688608
.1967999135 .9052796021 -0.02688647
.1967999135 .9446395848 -0.02688678
.1967999135 .9839995675 -0.02688703
.1967999135 1.0233595502 -0.02688723
.1967999135 1.0627195329 -0.02688738
.1967999135 1.1020795156 -0.02688749
.1967999135 1.1414394983 -0.02688756
.1967999135 1.1807994810 -0.02688761
.1967999135 1.2201594637 -0.02688763
.1967999135 1.2595194464 -0.02688762
.1967999135 1.2988794291 -0.02688759
.1967999135 1.3382394118 -0.02688753
.1967999135 1.3775993945 -0.02688744
.1967999135 1.4169593772 -0.02688731
.1967999135 1.4563193599 -0.02688714
.1967999135 1.4956793426 -0.02688691
.1967999135 1.5350393253 -0.02688663
.1967999135 1.5743993080 -0.02688628
.1967999135 1.6137592907 -0.02688586
.1967999135 1.6531192734 -0.02688537
.1967999135 1.6924792561 -0.02688479
.1967999135 1.7318392388 -0.02688413
.1967999135 1.7711992215 -0.02688339
.1967999135 1.8105592042 -0.02688256
.1967999135 1.8499191869 -0.02688167
.1967999135 1.8892791696 -0.02688070
.1967999135 1.9286391523 -0.02687969
.1967999135 1.9679991350 -0.02687863
.2361598962 0 -0.02687018
.2361598962 .0393599827 -0.02687025
.2361598962 .0787199654 -0.02687048
.2361598962 .1180799481 -0.02687085
.2361598962 .1574399308 -0.02687136
.2361598962 .1967999135 -0.02687200
.2361598962 .2361598962 -0.02687274
.2361598962 .2755198789 -0.02687358
.2361598962 .3148798616 -0.02687450
.2361598962 .3542398443 -0.02687548
.2361598962 .3935998270 -0.02687650
.2361598962 .4329598097 -0.02687753
.2361598962 .4723197924 -0.02687856
.2361598962 .5116797751 -0.02687958
.2361598962 .5510397578 -0.02688056
.2361598962 .5903997405 -0.02688149
.2361598962 .6297597232 -0.02688237
.2361598962 .6691197059 -0.02688317
.2361598962 .7084796886 -0.02688390
.2361598962 .7478396713 -0.02688454
.2361598962 .7871996540 -0.02688511
.2361598962 .8265596367 -0.02688560
.2361598962 .8659196194 -0.02688601
.2361598962 .9052796021 -0.02688635
.2361598962 .9446395848 -0.02688662
.2361598962 .9839995675 -0.02688684
.2361598962 1.0233595502 -0.02688701
.2361598962 1.0627195329 -0.02688713
.2361598962 1.1020795156 -0.02688722
.2361598962 1.1414394983 -0.02688728
.2361598962 1.1807994810 -0.02688732
.2361598962 1.2201594637 -0.02688733
.2361598962 1.2595194464 -0.02688733
.2361598962 1.2988794291 -0.02688730
.2361598962 1.3382394118 -0.02688725
.2361598962 1.3775993945 -0.02688718
.2361598962 1.4169593772 -0.02688707
.2361598962 1.4563193599 -0.02688693
.2361598962 1.4956793426 -0.02688674
.2361598962 1.5350393253 -0.02688649
.2361598962 1.5743993080 -0.02688619
.2361598962 1.6137592907 -0.02688581
.2361598962 1.6531192734 -0.02688536
.2361598962 1.6924792561 -0.02688484
.2361598962 1.7318392388 -0.02688423
.2361598962 1.7711992215 -0.02688354
.2361598962 1.8105592042 -0.02688278
.2361598962 1.8499191869 -0.02688194
.2361598962 1.8892791696 -0.02688103
.2361598962 1.9286391523 -0.02688008
.2361598962 1.9679991350 -0.02687907
.2755198789 0 -0.02687114
.2755198789 .0393599827 -0.02687122
.2755198789 .0787199654 -0.02687143
.2755198789 .1180799481 -0.02687179
.2755198789 .1574399308 -0.02687227
.2755198789 .1967999135 -0.02687288
.2755198789 .2361598962 -0.02687359
.2755198789 .2755198789 -0.02687439
.2755198789 .3148798616 -0.02687526
.2755198789 .3542398443 -0.02687619
.2755198789 .3935998270 -0.02687715
.2755198789 .4329598097 -0.02687813
.2755198789 .4723197924 -0.02687910
.2755198789 .5116797751 -0.02688005
.2755198789 .5510397578 -0.02688097
.2755198789 .5903997405 -0.02688184
.2755198789 .6297597232 -0.02688264
.2755198789 .6691197059 -0.02688338
.2755198789 .7084796886 -0.02688405
.2755198789 .7478396713 -0.02688463
.2755198789 .7871996540 -0.02688514
.2755198789 .8265596367 -0.02688557
.2755198789 .8659196194 -0.02688593
.2755198789 .9052796021 -0.02688622
.2755198789 .9446395848 -0.02688645
.2755198789 .9839995675 -0.02688663
.2755198789 1.0233595502 -0.02688676
.2755198789 1.0627195329 -0.02688686
.2755198789 1.1020795156 -0.02688693
.2755198789 1.1414394983 -0.02688697
.2755198789 1.1807994810 -0.02688700
.2755198789 1.2201594637 -0.02688701
.2755198789 1.2595194464 -0.02688700
.2755198789 1.2988794291 -0.02688699
.2755198789 1.3382394118 -0.02688695
.2755198789 1.3775993945 -0.02688690
.2755198789 1.4169593772 -0.02688682
.2755198789 1.4563193599 -0.02688670
.2755198789 1.4956793426 -0.02688655
.2755198789 1.5350393253 -0.02688634
.2755198789 1.5743993080 -0.02688608
.2755198789 1.6137592907 -0.02688576
.2755198789 1.6531192734 -0.02688537
.2755198789 1.6924792561 -0.02688490
.2755198789 1.7318392388 -0.02688435
.2755198789 1.7711992215 -0.02688372
.2755198789 1.8105592042 -0.02688302
.2755198789 1.8499191869 -0.02688225
.2755198789 1.8892791696 -0.02688141
.2755198789 1.9286391523 -0.02688052
.2755198789 1.9679991350 -0.02687958
.3148798616 0 -0.02687220
.3148798616 .0393599827 -0.02687227
.3148798616 .0787199654 -0.02687247
.3148798616 .1180799481 -0.02687281
.3148798616 .1574399308 -0.02687327
.3148798616 .1967999135 -0.02687385
.3148798616 .2361598962 -0.02687452
.3148798616 .2755198789 -0.02687527
.3148798616 .3148798616 -0.02687610
.3148798616 .3542398443 -0.02687697
.3148798616 .3935998270 -0.02687787
.3148798616 .4329598097 -0.02687878
.3148798616 .4723197924 -0.02687969
.3148798616 .5116797751 -0.02688057
.3148798616 .5510397578 -0.02688142
.3148798616 .5903997405 -0.02688222
.3148798616 .6297597232 -0.02688295
.3148798616 .6691197059 -0.02688362
.3148798616 .7084796886 -0.02688422
.3148798616 .7478396713 -0.02688474
.3148798616 .7871996540 -0.02688518
.3148798616 .8265596367 -0.02688555
.3148798616 .8659196194 -0.02688585
.3148798616 .9052796021 -0.02688609
.3148798616 .9446395848 -0.02688627
.3148798616 .9839995675 -0.02688641
.3148798616 1.0233595502 -0.02688651
.3148798616 1.0627195329 -0.02688657
.3148798616 1.1020795156 -0.02688662
.3148798616 1.1414394983 -0.02688664
.3148798616 1.1807994810 -0.02688666
.3148798616 1.2201594637 -0.02688666
.3148798616 1.2595194464 -0.02688666
.3148798616 1.2988794291 -0.02688665
.3148798616 1.3382394118 -0.02688663
.3148798616 1.3775993945 -0.02688660
.3148798616 1.4169593772 -0.02688654
.3148798616 1.4563193599 -0.02688646
.3148798616 1.4956793426 -0.02688635
.3148798616 1.5350393253 -0.02688619
.3148798616 1.5743993080 -0.02688598
.3148798616 1.6137592907 -0.02688571
.3148798616 1.6531192734 -0.02688537
.3148798616 1.6924792561 -0.02688497
.3148798616 1.7318392388 -0.02688449
.3148798616 1.7711992215 -0.02688393
.3148798616 1.8105592042 -0.02688330
.3148798616 1.8499191869 -0.02688259
.3148798616 1.8892791696 -0.02688183
.3148798616 1.9286391523 -0.02688100
.3148798616 1.9679991350 -0.02688013
.3542398443 0 -0.02687333
.3542398443 .0393599827 -0.02687339
.3542398443 .0787199654 -0.02687359
.3542398443 .1180799481 -0.02687390
.3542398443 .1574399308 -0.02687434
.3542398443 .1967999135 -0.02687488
.3542398443 .2361598962 -0.02687551
.3542398443 .2755198789 -0.02687622
.3542398443 .3148798616 -0.02687699
.3542398443 .3542398443 -0.02687780
.3542398443 .3935998270 -0.02687864
.3542398443 .4329598097 -0.02687948
.3542398443 .4723197924 -0.02688032
.3542398443 .5116797751 -0.02688113
.3542398443 .5510397578 -0.02688191
.3542398443 .5903997405 -0.02688263
.3542398443 .6297597232 -0.02688329
.3542398443 .6691197059 -0.02688388
.3542398443 .7084796886 -0.02688441
.3542398443 .7478396713 -0.02688486
.3542398443 .7871996540 -0.02688523
.3542398443 .8265596367 -0.02688554
.3542398443 .8659196194 -0.02688578
.3542398443 .9052796021 -0.02688596
.3542398443 .9446395848 -0.02688610
.3542398443 .9839995675 -0.02688619
.3542398443 1.0233595502 -0.02688625
.3542398443 1.0627195329 -0.02688628
.3542398443 1.1020795156 -0.02688630
.3542398443 1.1414394983 -0.02688631
.3542398443 1.1807994810 -0.02688631
.3542398443 1.2201594637 -0.02688631
.3542398443 1.2595194464 -0.02688631
.3542398443 1.2988794291 -0.02688631
.3542398443 1.3382394118 -0.02688630
.3542398443 1.3775993945 -0.02688629
.3542398443 1.4169593772 -0.02688627
.3542398443 1.4563193599 -0.02688622
.3542398443 1.4956793426 -0.02688615
.3542398443 1.5350393253 -0.02688604
.3542398443 1.5743993080 -0.02688588
.3542398443 1.6137592907 -0.02688567
.3542398443 1.6531192734 -0.02688539
.3542398443 1.6924792561 -0.02688505
.3542398443 1.7318392388 -0.02688464
.3542398443 1.7711992215 -0.02688415
.3542398443 1.8105592042 -0.02688360
.3542398443 1.8499191869 -0.02688297
.3542398443 1.8892791696 -0.02688227
.3542398443 1.9286391523 -0.02688152
.3542398443 1.9679991350 -0.02688073
.3935998270 0 -0.02687450
.3935998270 .0393599827 -0.02687456
.3935998270 .0787199654 -0.02687474
.3935998270 .1180799481 -0.02687504
.3935998270 .1574399308 -0.02687545
.3935998270 .1967999135 -0.02687595
.3935998270 .2361598962 -0.02687654
.3935998270 .2755198789 -0.02687720
.3935998270 .3148798616 -0.02687791
.3935998270 .3542398443 -0.02687867
.3935998270 .3935998270 -0.02687944
.3935998270 .4329598097 -0.02688022
.3935998270 .4723197924 -0.02688098
.3935998270 .5116797751 -0.02688172
.3935998270 .5510397578 -0.02688242
.3935998270 .5903997405 -0.02688306
.3935998270 .6297597232 -0.02688365
.3935998270 .6691197059 -0.02688417
.3935998270 .7084796886 -0.02688461
.3935998270 .7478396713 -0.02688499
.3935998270 .7871996540 -0.02688530
.3935998270 .8265596367 -0.02688554
.3935998270 .8659196194 -0.02688572
.3935998270 .9052796021 -0.02688585
.3935998270 .9446395848 -0.02688593
.3935998270 .9839995675 -0.02688597
.3935998270 1.0233595502 -0.02688599
.3935998270 1.0627195329 -0.02688599
.3935998270 1.1020795156 -0.02688599
.3935998270 1.1414394983 -0.02688597
.3935998270 1.1807994810 -0.02688596
.3935998270 1.2201594637 -0.02688596
.3935998270 1.2595194464 -0.02688596
.3935998270 1.2988794291 -0.02688597
.3935998270 1.3382394118 -0.02688598
.3935998270 1.3775993945 -0.02688599
.3935998270 1.4169593772 -0.02688600
.3935998270 1.4563193599 -0.02688599
.3935998270 1.4956793426 -0.02688595
.3935998270 1.5350393253 -0.02688589
.3935998270 1.5743993080 -0.02688579
.3935998270 1.6137592907 -0.02688564
.3935998270 1.6531192734 -0.02688543
.3935998270 1.6924792561 -0.02688515
.3935998270 1.7318392388 -0.02688481
.3935998270 1.7711992215 -0.02688440
.3935998270 1.8105592042 -0.02688391
.3935998270 1.8499191869 -0.02688336
.3935998270 1.8892791696 -0.02688275
.3935998270 1.9286391523 -0.02688207
.3935998270 1.9679991350 -0.02688136
.4329598097 0 -0.02687570
.4329598097 .0393599827 -0.02687576
.4329598097 .0787199654 -0.02687593
.4329598097 .1180799481 -0.02687620
.4329598097 .1574399308 -0.02687658
.4329598097 .1967999135 -0.02687705
.4329598097 .2361598962 -0.02687760
.4329598097 .2755198789 -0.02687821
.4329598097 .3148798616 -0.02687887
.4329598097 .3542398443 -0.02687956
.4329598097 .3935998270 -0.02688027
.4329598097 .4329598097 -0.02688097
.4329598097 .4723197924 -0.02688166
.4329598097 .5116797751 -0.02688233
.4329598097 .5510397578 -0.02688295
.4329598097 .5903997405 -0.02688351
.4329598097 .6297597232 -0.02688402
.4329598097 .6691197059 -0.02688446
.4329598097 .7084796886 -0.02688484
.4329598097 .7478396713 -0.02688514
.4329598097 .7871996540 -0.02688538
.4329598097 .8265596367 -0.02688555
.4329598097 .8659196194 -0.02688567
.4329598097 .9052796021 -0.02688574
.4329598097 .9446395848 -0.02688577
.4329598097 .9839995675 -0.02688577
.4329598097 1.0233595502 -0.02688575
.4329598097 1.0627195329 -0.02688572
.4329598097 1.1020795156 -0.02688568
.4329598097 1.1414394983 -0.02688565
.4329598097 1.1807994810 -0.02688563
.4329598097 1.2201594637 -0.02688562
.4329598097 1.2595194464 -0.02688562
.4329598097 1.2988794291 -0.02688564
.4329598097 1.3382394118 -0.02688567
.4329598097 1.3775993945 -0.02688570
.4329598097 1.4169593772 -0.02688574
.4329598097 1.4563193599 -0.02688576
.4329598097 1.4956793426 -0.02688578
.4329598097 1.5350393253 -0.02688576
.4329598097 1.5743993080 -0.02688571
.4329598097 1.6137592907 -0.02688562
.4329598097 1.6531192734 -0.02688547
.4329598097 1.6924792561 -0.02688527
.4329598097 1.7318392388 -0.02688500
.4329598097 1.7711992215 -0.02688466
.4329598097 1.8105592042 -0.02688425
.4329598097 1.8499191869 -0.02688378
.4329598097 1.8892791696 -0.02688324
.4329598097 1.9286391523 -0.02688264
.4329598097 1.9679991350 -0.02688200
.4723197924 0 -0.02687690
.4723197924 .0393599827 -0.02687695
.4723197924 .0787199654 -0.02687711
.4723197924 .1180799481 -0.02687737
.4723197924 .1574399308 -0.02687772
.4723197924 .1967999135 -0.02687815
.4723197924 .2361598962 -0.02687865
.4723197924 .2755198789 -0.02687922
.4723197924 .3148798616 -0.02687982
.4723197924 .3542398443 -0.02688045
.4723197924 .3935998270 -0.02688110
.4723197924 .4329598097 -0.02688173
.4723197924 .4723197924 -0.02688235
.4723197924 .5116797751 -0.02688294
.4723197924 .5510397578 -0.02688349
.4723197924 .5903997405 -0.02688398
.4723197924 .6297597232 -0.02688441
.4723197924 .6691197059 -0.02688477
.4723197924 .7084796886 -0.02688507
.4723197924 .7478396713 -0.02688531
.4723197924 .7871996540 -0.02688547
.4723197924 .8265596367 -0.02688558
.4723197924 .8659196194 -0.02688564
.4723197924 .9052796021 -0.02688566
.4723197924 .9446395848 -0.02688564
.4723197924 .9839995675 -0.02688559
.4723197924 1.0233595502 -0.02688553
.4723197924 1.0627195329 -0.02688547
.4723197924 1.1020795156 -0.02688541
.4723197924 1.1414394983 -0.02688536
.4723197924 1.1807994810 -0.02688532
.4723197924 1.2201594637 -0.02688530
.4723197924 1.2595194464 -0.02688531
.4723197924 1.2988794291 -0.02688534
.4723197924 1.3382394118 -0.02688538
.4723197924 1.3775993945 -0.02688544
.4723197924 1.4169593772 -0.02688550
.4723197924 1.4563193599 -0.02688556
.4723197924 1.4956793426 -0.02688562
.4723197924 1.5350393253 -0.02688565
.4723197924 1.5743993080 -0.02688565
.4723197924 1.6137592907 -0.02688562
.4723197924 1.6531192734 -0.02688554
.4723197924 1.6924792561 -0.02688540
.4723197924 1.7318392388 -0.02688520
.4723197924 1.7711992215 -0.02688493
.4723197924 1.8105592042 -0.02688460
.4723197924 1.8499191869 -0.02688420
.4723197924 1.8892791696 -0.02688374
.4723197924 1.9286391523 -0.02688322
.4723197924 1.9679991350 -0.02688265
.5116797751 0 -0.02687808
.5116797751 .0393599827 -0.02687813
.5116797751 .0787199654 -0.02687827
.5116797751 .1180799481 -0.02687851
.5116797751 .1574399308 -0.02687883
.5116797751 .1967999135 -0.02687923
.5116797751 .2361598962 -0.02687970
.5116797751 .2755198789 -0.02688021
.5116797751 .3148798616 -0.02688076
.5116797751 .3542398443 -0.02688134
.5116797751 .3935998270 -0.02688192
.5116797751 .4329598097 -0.02688249
.5116797751 .4723197924 -0.02688304
.5116797751 .5116797751 -0.02688356
.5116797751 .5510397578 -0.02688403
.5116797751 .5903997405 -0.02688444
.5116797751 .6297597232 -0.02688480
.5116797751 .6691197059 -0.02688509
.5116797751 .7084796886 -0.02688532
.5116797751 .7478396713 -0.02688548
.5116797751 .7871996540 -0.02688559
.5116797751 .8265596367 -0.02688563
.5116797751 .8659196194 -0.02688563
.5116797751 .9052796021 -0.02688560
.5116797751 .9446395848 -0.02688553
.5116797751 .9839995675 -0.02688544
.5116797751 1.0233595502 -0.02688534
.5116797751 1.0627195329 -0.02688525
.5116797751 1.1020795156 -0.02688516
.5116797751 1.1414394983 -0.02688509
.5116797751 1.1807994810 -0.02688504
.5116797751 1.2201594637 -0.02688502
.5116797751 1.2595194464 -0.02688503
.5116797751 1.2988794291 -0.02688506
.5116797751 1.3382394118 -0.02688512
.5116797751 1.3775993945 -0.02688520
.5116797751 1.4169593772 -0.02688529
.5116797751 1.4563193599 -0.02688539
.5116797751 1.4956793426 -0.02688548
.5116797751 1.5350393253 -0.02688556
.5116797751 1.5743993080 -0.02688562
.5116797751 1.6137592907 -0.02688564
.5116797751 1.6531192734 -0.02688562
.5116797751 1.6924792561 -0.02688554
.5116797751 1.7318392388 -0.02688541
.5116797751 1.7711992215 -0.02688522
.5116797751 1.8105592042 -0.02688496
.5116797751 1.8499191869 -0.02688463
.5116797751 1.8892791696 -0.02688424
.5116797751 1.9286391523 -0.02688380
.5116797751 1.9679991350 -0.02688330
.5510397578 0 -0.02687922
.5510397578 .0393599827 -0.02687926
.5510397578 .0787199654 -0.02687940
.5510397578 .1180799481 -0.02687962
.5510397578 .1574399308 -0.02687991
.5510397578 .1967999135 -0.02688028
.5510397578 .2361598962 -0.02688071
.5510397578 .2755198789 -0.02688117
.5510397578 .3148798616 -0.02688168
.5510397578 .3542398443 -0.02688219
.5510397578 .3935998270 -0.02688272
.5510397578 .4329598097 -0.02688322
.5510397578 .4723197924 -0.02688371
.5510397578 .5116797751 -0.02688416
.5510397578 .5510397578 -0.02688456
.5510397578 .5903997405 -0.02688491
.5510397578 .6297597232 -0.02688519
.5510397578 .6691197059 -0.02688542
.5510397578 .7084796886 -0.02688558
.5510397578 .7478396713 -0.02688568
.5510397578 .7871996540 -0.02688572
.5510397578 .8265596367 -0.02688571
.5510397578 .8659196194 -0.02688565
.5510397578 .9052796021 -0.02688556
.5510397578 .9446395848 -0.02688545
.5510397578 .9839995675 -0.02688532
.5510397578 1.0233595502 -0.02688519
.5510397578 1.0627195329 -0.02688506
.5510397578 1.1020795156 -0.02688495
.5510397578 1.1414394983 -0.02688487
.5510397578 1.1807994810 -0.02688481
.5510397578 1.2201594637 -0.02688478
.5510397578 1.2595194464 -0.02688479
.5510397578 1.2988794291 -0.02688483
.5510397578 1.3382394118 -0.02688491
.5510397578 1.3775993945 -0.02688501
.5510397578 1.4169593772 -0.02688512
.5510397578 1.4563193599 -0.02688525
.5510397578 1.4956793426 -0.02688538
.5510397578 1.5350393253 -0.02688551
.5510397578 1.5743993080 -0.02688561
.5510397578 1.6137592907 -0.02688568
.5510397578 1.6531192734 -0.02688572
.5510397578 1.6924792561 -0.02688570
.5510397578 1.7318392388 -0.02688564
.5510397578 1.7711992215 -0.02688551
.5510397578 1.8105592042 -0.02688531
.5510397578 1.8499191869 -0.02688506
.5510397578 1.8892791696 -0.02688474
.5510397578 1.9286391523 -0.02688437
.5510397578 1.9679991350 -0.02688394
.5903997405 0 -0.02688030
.5903997405 .0393599827 -0.02688034
.5903997405 .0787199654 -0.02688046
.5903997405 .1180799481 -0.02688067
.5903997405 .1574399308 -0.02688094
.5903997405 .1967999135 -0.02688127
.5903997405 .2361598962 -0.02688166
.5903997405 .2755198789 -0.02688209
.5903997405 .3148798616 -0.02688255
.5903997405 .3542398443 -0.02688301
.5903997405 .3935998270 -0.02688348
.5903997405 .4329598097 -0.02688393
.5903997405 .4723197924 -0.02688435
.5903997405 .5116797751 -0.02688474
.5903997405 .5510397578 -0.02688508
.5903997405 .5903997405 -0.02688536
.5903997405 .6297597232 -0.02688558
.5903997405 .6691197059 -0.02688574
.5903997405 .7084796886 -0.02688584
.5903997405 .7478396713 -0.02688588
.5903997405 .7871996540 -0.02688586
.5903997405 .8265596367 -0.02688580
.5903997405 .8659196194 -0.02688569
.5903997405 .9052796021 -0.02688556
.5903997405 .9446395848 -0.02688540
.5903997405 .9839995675 -0.02688524
.5903997405 1.0233595502 -0.02688507
.5903997405 1.0627195329 -0.02688492
.5903997405 1.1020795156 -0.02688479
.5903997405 1.1414394983 -0.02688469
.5903997405 1.1807994810 -0.02688462
.5903997405 1.2201594637 -0.02688459
.5903997405 1.2595194464 -0.02688460
.5903997405 1.2988794291 -0.02688465
.5903997405 1.3382394118 -0.02688474
.5903997405 1.3775993945 -0.02688485
.5903997405 1.4169593772 -0.02688500
.5903997405 1.4563193599 -0.02688516
.5903997405 1.4956793426 -0.02688532
.5903997405 1.5350393253 -0.02688548
.5903997405 1.5743993080 -0.02688563
.5903997405 1.6137592907 -0.02688575
.5903997405 1.6531192734 -0.02688584
.5903997405 1.6924792561 -0.02688588
.5903997405 1.7318392388 -0.02688587
.5903997405 1.7711992215 -0.02688580
.5903997405 1.8105592042 -0.02688567
.5903997405 1.8499191869 -0.02688548
.5903997405 1.8892791696 -0.02688523
.5903997405 1.9286391523 -0.02688492
.5903997405 1.9679991350 -0.02688455
.6297597232 0 -0.02688130
.6297597232 .0393599827 -0.02688134
.6297597232 .0787199654 -0.02688145
.6297597232 .1180799481 -0.02688164
.6297597232 .1574399308 -0.02688189
.6297597232 .1967999135 -0.02688220
.6297597232 .2361598962 -0.02688256
.6297597232 .2755198789 -0.02688295
.6297597232 .3148798616 -0.02688336
.6297597232 .3542398443 -0.02688378
.6297597232 .3935998270 -0.02688420
.6297597232 .4329598097 -0.02688459
.6297597232 .4723197924 -0.02688496
.6297597232 .5116797751 -0.02688529
.6297597232 .5510397578 -0.02688557
.6297597232 .5903997405 -0.02688580
.6297597232 .6297597232 -0.02688596
.6297597232 .6691197059 -0.02688607
.6297597232 .7084796886 -0.02688611
.6297597232 .7478396713 -0.02688610
.6297597232 .7871996540 -0.02688603
.6297597232 .8265596367 -0.02688591
.6297597232 .8659196194 -0.02688576
.6297597232 .9052796021 -0.02688559
.6297597232 .9446395848 -0.02688539
.6297597232 .9839995675 -0.02688520
.6297597232 1.0233595502 -0.02688500
.6297597232 1.0627195329 -0.02688483
.6297597232 1.1020795156 -0.02688468
.6297597232 1.1414394983 -0.02688456
.6297597232 1.1807994810 -0.02688449
.6297597232 1.2201594637 -0.02688445
.6297597232 1.2595194464 -0.02688446
.6297597232 1.2988794291 -0.02688452
.6297597232 1.3382394118 -0.02688462
.6297597232 1.3775993945 -0.02688475
.6297597232 1.4169593772 -0.02688491
.6297597232 1.4563193599 -0.02688510
.6297597232 1.4956793426 -0.02688529
.6297597232 1.5350393253 -0.02688549
.6297597232 1.5743993080 -0.02688568
.6297597232 1.6137592907 -0.02688584
.6297597232 1.6531192734 -0.02688598
.6297597232 1.6924792561 -0.02688607
.6297597232 1.7318392388 -0.02688611
.6297597232 1.7711992215 -0.02688610
.6297597232 1.8105592042 -0.02688602
.6297597232 1.8499191869 -0.02688589
.6297597232 1.8892791696 -0.02688569
.6297597232 1.9286391523 -0.02688544
.6297597232 1.9679991350 -0.02688513
.6691197059 0 -0.02688221
.6691197059 .0393599827 -0.02688225
.6691197059 .0787199654 -0.02688235
.6691197059 .1180799481 -0.02688253
.6691197059 .1574399308 -0.02688276
.6691197059 .1967999135 -0.02688304
.6691197059 .2361598962 -0.02688337
.6691197059 .2755198789 -0.02688373
.6691197059 .3148798616 -0.02688410
.6691197059 .3542398443 -0.02688448
.6691197059 .3935998270 -0.02688486
.6691197059 .4329598097 -0.02688521
.6691197059 .4723197924 -0.02688553
.6691197059 .5116797751 -0.02688581
.6691197059 .5510397578 -0.02688604
.6691197059 .5903997405 -0.02688621
.6691197059 .6297597232 -0.02688633
.6691197059 .6691197059 -0.02688638
.6691197059 .7084796886 -0.02688638
.6691197059 .7478396713 -0.02688632
.6691197059 .7871996540 -0.02688620
.6691197059 .8265596367 -0.02688605
.6691197059 .8659196194 -0.02688586
.6691197059 .9052796021 -0.02688565
.6691197059 .9446395848 -0.02688542
.6691197059 .9839995675 -0.02688520
.6691197059 1.0233595502 -0.02688498
.6691197059 1.0627195329 -0.02688478
.6691197059 1.1020795156 -0.02688462
.6691197059 1.1414394983 -0.02688449
.6691197059 1.1807994810 -0.02688440
.6691197059 1.2201594637 -0.02688437
.6691197059 1.2595194464 -0.02688438
.6691197059 1.2988794291 -0.02688444
.6691197059 1.3382394118 -0.02688455
.6691197059 1.3775993945 -0.02688470
.6691197059 1.4169593772 -0.02688488
.6691197059 1.4563193599 -0.02688509
.6691197059 1.4956793426 -0.02688531
.6691197059 1.5350393253 -0.02688554
.6691197059 1.5743993080 -0.02688576
.6691197059 1.6137592907 -0.02688596
.6691197059 1.6531192734 -0.02688613
.6691197059 1.6924792561 -0.02688627
.6691197059 1.7318392388 -0.02688635
.6691197059 1.7711992215 -0.02688639
.6691197059 1.8105592042 -0.02688636
.6691197059 1.8499191869 -0.02688628
.6691197059 1.8892791696 -0.02688613
.6691197059 1.9286391523 -0.02688593
.6691197059 1.9679991350 -0.02688568
.7084796886 0 -0.02688302
.7084796886 .0393599827 -0.02688306
.7084796886 .0787199654 -0.02688316
.7084796886 .1180799481 -0.02688332
.7084796886 .1574399308 -0.02688353
.7084796886 .1967999135 -0.02688380
.7084796886 .2361598962 -0.02688410
.7084796886 .2755198789 -0.02688443
.7084796886 .3148798616 -0.02688477
.7084796886 .3542398443 -0.02688512
.7084796886 .3935998270 -0.02688545
.7084796886 .4329598097 -0.02688577
.7084796886 .4723197924 -0.02688605
.7084796886 .5116797751 -0.02688628
.7084796886 .5510397578 -0.02688647
.7084796886 .5903997405 -0.02688660
.7084796886 .6297597232 -0.02688668
.7084796886 .6691197059 -0.02688669
.7084796886 .7084796886 -0.02688664
.7084796886 .7478396713 -0.02688654
.7084796886 .7871996540 -0.02688639
.7084796886 .8265596367 -0.02688620
.7084796886 .8659196194 -0.02688598
.7084796886 .9052796021 -0.02688574
.7084796886 .9446395848 -0.02688549
.7084796886 .9839995675 -0.02688524
.7084796886 1.0233595502 -0.02688500
.7084796886 1.0627195329 -0.02688479
.7084796886 1.1020795156 -0.02688461
.7084796886 1.1414394983 -0.02688447
.7084796886 1.1807994810 -0.02688438
.7084796886 1.2201594637 -0.02688434
.7084796886 1.2595194464 -0.02688435
.7084796886 1.2988794291 -0.02688442
.7084796886 1.3382394118 -0.02688453
.7084796886 1.3775993945 -0.02688469
.7084796886 1.4169593772 -0.02688489
.7084796886 1.4563193599 -0.02688512
.7084796886 1.4956793426 -0.02688536
.7084796886 1.5350393253 -0.02688561
.7084796886 1.5743993080 -0.02688586
.7084796886 1.6137592907 -0.02688610
.7084796886 1.6531192734 -0.02688630
.7084796886 1.6924792561 -0.02688647
.7084796886 1.7318392388 -0.02688660
.7084796886 1.7711992215 -0.02688667
.7084796886 1.8105592042 -0.02688669
.7084796886 1.8499191869 -0.02688665
.7084796886 1.8892791696 -0.02688655
.7084796886 1.9286391523 -0.02688639
.7084796886 1.9679991350 -0.02688617
.7478396713 0 -0.02688373
.7478396713 .0393599827 -0.02688376
.7478396713 .0787199654 -0.02688385
.7478396713 .1180799481 -0.02688400
.7478396713 .1574399308 -0.02688421
.7478396713 .1967999135 -0.02688445
.7478396713 .2361598962 -0.02688473
.7478396713 .2755198789 -0.02688504
.7478396713 .3148798616 -0.02688536
.7478396713 .3542398443 -0.02688567
.7478396713 .3935998270 -0.02688598
.7478396713 .4329598097 -0.02688626
.7478396713 .4723197924 -0.02688651
.7478396713 .5116797751 -0.02688671
.7478396713 .5510397578 -0.02688686
.7478396713 .5903997405 -0.02688696
.7478396713 .6297597232 -0.02688700
.7478396713 .6691197059 -0.02688698
.7478396713 .7084796886 -0.02688690
.7478396713 .7478396713 -0.02688677
.7478396713 .7871996540 -0.02688659
.7478396713 .8265596367 -0.02688637
.7478396713 .8659196194 -0.02688612
.7478396713 .9052796021 -0.02688586
.7478396713 .9446395848 -0.02688558
.7478396713 .9839995675 -0.02688532
.7478396713 1.0233595502 -0.02688506
.7478396713 1.0627195329 -0.02688484
.7478396713 1.1020795156 -0.02688465
.7478396713 1.1414394983 -0.02688450
.7478396713 1.1807994810 -0.02688440
.7478396713 1.2201594637 -0.02688436
.7478396713 1.2595194464 -0.02688438
.7478396713 1.2988794291 -0.02688444
.7478396713 1.3382394118 -0.02688457
.7478396713 1.3775993945 -0.02688474
.7478396713 1.4169593772 -0.02688495
.7478396713 1.4563193599 -0.02688519
.7478396713 1.4956793426 -0.02688545
.7478396713 1.5350393253 -0.02688572
.7478396713 1.5743993080 -0.02688599
.7478396713 1.6137592907 -0.02688625
.7478396713 1.6531192734 -0.02688649
.7478396713 1.6924792561 -0.02688669
.7478396713 1.7318392388 -0.02688684
.7478396713 1.7711992215 -0.02688695
.7478396713 1.8105592042 -0.02688700
.7478396713 1.8499191869 -0.02688699
.7478396713 1.8892791696 -0.02688692
.7478396713 1.9286391523 -0.02688680
.7478396713 1.9679991350 -0.02688662
.7871996540 0 -0.02688432
.7871996540 .0393599827 -0.02688435
.7871996540 .0787199654 -0.02688443
.7871996540 .1180799481 -0.02688458
.7871996540 .1574399308 -0.02688477
.7871996540 .1967999135 -0.02688500
.7871996540 .2361598962 -0.02688527
.7871996540 .2755198789 -0.02688556
.7871996540 .3148798616 -0.02688585
.7871996540 .3542398443 -0.02688615
.7871996540 .3935998270 -0.02688643
.7871996540 .4329598097 -0.02688669
.7871996540 .4723197924 -0.02688691
.7871996540 .5116797751 -0.02688709
.7871996540 .5510397578 -0.02688721
.7871996540 .5903997405 -0.02688729
.7871996540 .6297597232 -0.02688730
.7871996540 .6691197059 -0.02688725
.7871996540 .7084796886 -0.02688715
.7871996540 .7478396713 -0.02688699
.7871996540 .7871996540 -0.02688679
.7871996540 .8265596367 -0.02688655
.7871996540 .8659196194 -0.02688629
.7871996540 .9052796021 -0.02688600
.7871996540 .9446395848 -0.02688571
.7871996540 .9839995675 -0.02688543
.7871996540 1.0233595502 -0.02688516
.7871996540 1.0627195329 -0.02688493
.7871996540 1.1020795156 -0.02688473
.7871996540 1.1414394983 -0.02688458
.7871996540 1.1807994810 -0.02688448
.7871996540 1.2201594637 -0.02688443
.7871996540 1.2595194464 -0.02688445
.7871996540 1.2988794291 -0.02688452
.7871996540 1.3382394118 -0.02688465
.7871996540 1.3775993945 -0.02688482
.7871996540 1.4169593772 -0.02688504
.7871996540 1.4563193599 -0.02688529
.7871996540 1.4956793426 -0.02688557
.7871996540 1.5350393253 -0.02688586
.7871996540 1.5743993080 -0.02688614
.7871996540 1.6137592907 -0.02688642
.7871996540 1.6531192734 -0.02688668
.7871996540 1.6924792561 -0.02688690
.7871996540 1.7318392388 -0.02688708
.7871996540 1.7711992215 -0.02688721
.7871996540 1.8105592042 -0.02688728
.7871996540 1.8499191869 -0.02688730
.7871996540 1.8892791696 -0.02688726
.7871996540 1.9286391523 -0.02688716
.7871996540 1.9679991350 -0.02688700
.8265596367 0 -0.02688479
.8265596367 .0393599827 -0.02688482
.8265596367 .0787199654 -0.02688491
.8265596367 .1180799481 -0.02688504
.8265596367 .1574399308 -0.02688523
.8265596367 .1967999135 -0.02688545
.8265596367 .2361598962 -0.02688571
.8265596367 .2755198789 -0.02688598
.8265596367 .3148798616 -0.02688626
.8265596367 .3542398443 -0.02688654
.8265596367 .3935998270 -0.02688681
.8265596367 .4329598097 -0.02688705
.8265596367 .4723197924 -0.02688725
.8265596367 .5116797751 -0.02688741
.8265596367 .5510397578 -0.02688752
.8265596367 .5903997405 -0.02688757
.8265596367 .6297597232 -0.02688756
.8265596367 .6691197059 -0.02688750
.8265596367 .7084796886 -0.02688738
.8265596367 .7478396713 -0.02688721
.8265596367 .7871996540 -0.02688699
.8265596367 .8265596367 -0.02688674
.8265596367 .8659196194 -0.02688646
.8265596367 .9052796021 -0.02688616
.8265596367 .9446395848 -0.02688586
.8265596367 .9839995675 -0.02688557
.8265596367 1.0233595502 -0.02688530
.8265596367 1.0627195329 -0.02688506
.8265596367 1.1020795156 -0.02688485
.8265596367 1.1414394983 -0.02688470
.8265596367 1.1807994810 -0.02688459
.8265596367 1.2201594637 -0.02688455
.8265596367 1.2595194464 -0.02688457
.8265596367 1.2988794291 -0.02688464
.8265596367 1.3382394118 -0.02688477
.8265596367 1.3775993945 -0.02688495
.8265596367 1.4169593772 -0.02688517
.8265596367 1.4563193599 -0.02688543
.8265596367 1.4956793426 -0.02688572
.8265596367 1.5350393253 -0.02688601
.8265596367 1.5743993080 -0.02688631
.8265596367 1.6137592907 -0.02688660
.8265596367 1.6531192734 -0.02688687
.8265596367 1.6924792561 -0.02688711
.8265596367 1.7318392388 -0.02688730
.8265596367 1.7711992215 -0.02688745
.8265596367 1.8105592042 -0.02688754
.8265596367 1.8499191869 -0.02688757
.8265596367 1.8892791696 -0.02688755
.8265596367 1.9286391523 -0.02688747
.8265596367 1.9679991350 -0.02688734
.8659196194 0 -0.02688515
.8659196194 .0393599827 -0.02688518
.8659196194 .0787199654 -0.02688526
.8659196194 .1180799481 -0.02688540
.8659196194 .1574399308 -0.02688558
.8659196194 .1967999135 -0.02688580
.8659196194 .2361598962 -0.02688604
.8659196194 .2755198789 -0.02688631
.8659196194 .3148798616 -0.02688658
.8659196194 .3542398443 -0.02688685
.8659196194 .3935998270 -0.02688711
.8659196194 .4329598097 -0.02688733
.8659196194 .4723197924 -0.02688753
.8659196194 .5116797751 -0.02688767
.8659196194 .5510397578 -0.02688777
.8659196194 .5903997405 -0.02688781
.8659196194 .6297597232 -0.02688780
.8659196194 .6691197059 -0.02688772
.8659196194 .7084796886 -0.02688759
.8659196194 .7478396713 -0.02688741
.8659196194 .7871996540 -0.02688719
.8659196194 .8265596367 -0.02688693
.8659196194 .8659196194 -0.02688664
.8659196194 .9052796021 -0.02688634
.8659196194 .9446395848 -0.02688603
.8659196194 .9839995675 -0.02688574
.8659196194 1.0233595502 -0.02688546
.8659196194 1.0627195329 -0.02688521
.8659196194 1.1020795156 -0.02688501
.8659196194 1.1414394983 -0.02688485
.8659196194 1.1807994810 -0.02688474
.8659196194 1.2201594637 -0.02688470
.8659196194 1.2595194464 -0.02688471
.8659196194 1.2988794291 -0.02688479
.8659196194 1.3382394118 -0.02688492
.8659196194 1.3775993945 -0.02688510
.8659196194 1.4169593772 -0.02688533
.8659196194 1.4563193599 -0.02688559
.8659196194 1.4956793426 -0.02688588
.8659196194 1.5350393253 -0.02688618
.8659196194 1.5743993080 -0.02688649
.8659196194 1.6137592907 -0.02688678
.8659196194 1.6531192734 -0.02688706
.8659196194 1.6924792561 -0.02688730
.8659196194 1.7318392388 -0.02688751
.8659196194 1.7711992215 -0.02688766
.8659196194 1.8105592042 -0.02688777
.8659196194 1.8499191869 -0.02688781
.8659196194 1.8892791696 -0.02688780
.8659196194 1.9286391523 -0.02688773
.8659196194 1.9679991350 -0.02688761
.9052796021 0 -0.02688541
.9052796021 .0393599827 -0.02688544
.9052796021 .0787199654 -0.02688552
.9052796021 .1180799481 -0.02688565
.9052796021 .1574399308 -0.02688583
.9052796021 .1967999135 -0.02688604
.9052796021 .2361598962 -0.02688629
.9052796021 .2755198789 -0.02688655
.9052796021 .3148798616 -0.02688682
.9052796021 .3542398443 -0.02688708
.9052796021 .3935998270 -0.02688733
.9052796021 .4329598097 -0.02688755
.9052796021 .4723197924 -0.02688774
.9052796021 .5116797751 -0.02688788
.9052796021 .5510397578 -0.02688798
.9052796021 .5903997405 -0.02688801
.9052796021 .6297597232 -0.02688799
.9052796021 .6691197059 -0.02688791
.9052796021 .7084796886 -0.02688778
.9052796021 .7478396713 -0.02688760
.9052796021 .7871996540 -0.02688737
.9052796021 .8265596367 -0.02688711
.9052796021 .8659196194 -0.02688682
.9052796021 .9052796021 -0.02688651
.9052796021 .9446395848 -0.02688621
.9052796021 .9839995675 -0.02688591
.9052796021 1.0233595502 -0.02688563
.9052796021 1.0627195329 -0.02688539
.9052796021 1.1020795156 -0.02688518
.9052796021 1.1414394983 -0.02688502
.9052796021 1.1807994810 -0.02688492
.9052796021 1.2201594637 -0.02688487
.9052796021 1.2595194464 -0.02688489
.9052796021 1.2988794291 -0.02688496
.9052796021 1.3382394118 -0.02688509
.9052796021 1.3775993945 -0.02688528
.9052796021 1.4169593772 -0.02688550
.9052796021 1.4563193599 -0.02688577
.9052796021 1.4956793426 -0.02688606
.9052796021 1.5350393253 -0.02688636
.9052796021 1.5743993080 -0.02688667
.9052796021 1.6137592907 -0.02688696
.9052796021 1.6531192734 -0.02688724
.9052796021 1.6924792561 -0.02688749
.9052796021 1.7318392388 -0.02688769
.9052796021 1.7711992215 -0.02688785
.9052796021 1.8105592042 -0.02688796
.9052796021 1.8499191869 -0.02688801
.9052796021 1.8892791696 -0.02688800
.9052796021 1.9286391523 -0.02688794
.9052796021 1.9679991350 -0.02688782
.9446395848 0 -0.02688556
.9446395848 .0393599827 -0.02688559
.9446395848 .0787199654 -0.02688567
.9446395848 .1180799481 -0.02688581
.9446395848 .1574399308 -0.02688598
.9446395848 .1967999135 -0.02688620
.9446395848 .2361598962 -0.02688644
.9446395848 .2755198789 -0.02688670
.9446395848 .3148798616 -0.02688697
.9446395848 .3542398443 -0.02688723
.9446395848 .3935998270 -0.02688748
.9446395848 .4329598097 -0.02688770
.9446395848 .4723197924 -0.02688789
.9446395848 .5116797751 -0.02688804
.9446395848 .5510397578 -0.02688813
.9446395848 .5903997405 -0.02688817
.9446395848 .6297597232 -0.02688815
.9446395848 .6691197059 -0.02688807
.9446395848 .7084796886 -0.02688794
.9446395848 .7478396713 -0.02688776
.9446395848 .7871996540 -0.02688753
.9446395848 .8265596367 -0.02688727
.9446395848 .8659196194 -0.02688699
.9446395848 .9052796021 -0.02688669
.9446395848 .9446395848 -0.02688638
.9446395848 .9839995675 -0.02688609
.9446395848 1.0233595502 -0.02688581
.9446395848 1.0627195329 -0.02688557
.9446395848 1.1020795156 -0.02688536
.9446395848 1.1414394983 -0.02688520
.9446395848 1.1807994810 -0.02688510
.9446395848 1.2201594637 -0.02688506
.9446395848 1.2595194464 -0.02688507
.9446395848 1.2988794291 -0.02688515
.9446395848 1.3382394118 -0.02688528
.9446395848 1.3775993945 -0.02688546
.9446395848 1.4169593772 -0.02688568
.9446395848 1.4563193599 -0.02688595
.9446395848 1.4956793426 -0.02688623
.9446395848 1.5350393253 -0.02688653
.9446395848 1.5743993080 -0.02688684
.9446395848 1.6137592907 -0.02688713
.9446395848 1.6531192734 -0.02688741
.9446395848 1.6924792561 -0.02688765
.9446395848 1.7318392388 -0.02688786
.9446395848 1.7711992215 -0.02688801
.9446395848 1.8105592042 -0.02688812
.9446395848 1.8499191869 -0.02688817
.9446395848 1.8892791696 -0.02688816
.9446395848 1.9286391523 -0.02688809
.9446395848 1.9679991350 -0.02688797
.9839995675 0 -0.02688563
.9839995675 .0393599827 -0.02688566
.9839995675 .0787199654 -0.02688574
.9839995675 .1180799481 -0.02688587
.9839995675 .1574399308 -0.02688605
.9839995675 .1967999135 -0.02688627
.9839995675 .2361598962 -0.02688651
.9839995675 .2755198789 -0.02688677
.9839995675 .3148798616 -0.02688705
.9839995675 .3542398443 -0.02688731
.9839995675 .3935998270 -0.02688757
.9839995675 .4329598097 -0.02688779
.9839995675 .4723197924 -0.02688799
.9839995675 .5116797751 -0.02688813
.9839995675 .5510397578 -0.02688823
.9839995675 .5903997405 -0.02688828
.9839995675 .6297597232 -0.02688826
.9839995675 .6691197059 -0.02688819
.9839995675 .7084796886 -0.02688807
.9839995675 .7478396713 -0.02688789
.9839995675 .7871996540 -0.02688767
.9839995675 .8265596367 -0.02688742
.9839995675 .8659196194 -0.02688714
.9839995675 .9052796021 -0.02688684
.9839995675 .9446395848 -0.02688654
.9839995675 .9839995675 -0.02688625
.9839995675 1.0233595502 -0.02688598
.9839995675 1.0627195329 -0.02688574
.9839995675 1.1020795156 -0.02688554
.9839995675 1.1414394983 -0.02688538
.9839995675 1.1807994810 -0.02688528
.9839995675 1.2201594637 -0.02688524
.9839995675 1.2595194464 -0.02688525
.9839995675 1.2988794291 -0.02688532
.9839995675 1.3382394118 -0.02688545
.9839995675 1.3775993945 -0.02688563
.9839995675 1.4169593772 -0.02688586
.9839995675 1.4563193599 -0.02688611
.9839995675 1.4956793426 -0.02688640
.9839995675 1.5350393253 -0.02688669
.9839995675 1.5743993080 -0.02688699
.9839995675 1.6137592907 -0.02688728
.9839995675 1.6531192734 -0.02688755
.9839995675 1.6924792561 -0.02688779
.9839995675 1.7318392388 -0.02688799
.9839995675 1.7711992215 -0.02688814
.9839995675 1.8105592042 -0.02688824
.9839995675 1.8499191869 -0.02688828
.9839995675 1.8892791696 -0.02688826
.9839995675 1.9286391523 -0.02688819
.9839995675 1.9679991350 -0.02688807
1.0233595502 0 -0.02688562
1.0233595502 .0393599827 -0.02688565
1.0233595502 .0787199654 -0.02688573
1.0233595502 .1180799481 -0.02688586
1.0233595502 .1574399308 -0.02688604
1.0233595502 .1967999135 -0.02688626
1.0233595502 .2361598962 -0.02688651
1.0233595502 .2755198789 -0.02688678
1.0233595502 .3148798616 -0.02688706
1.0233595502 .3542398443 -0.02688733
1.0233595502 .3935998270 -0.02688759
1.0233595502 .4329598097 -0.02688783
1.0233595502 .4723197924 -0.02688802
1.0233595502 .5116797751 -0.02688818
1.0233595502 .5510397578 -0.02688829
1.0233595502 .5903997405 -0.02688834
1.0233595502 .6297597232 -0.02688834
1.0233595502 .6691197059 -0.02688828
1.0233595502 .7084796886 -0.02688816
1.0233595502 .7478396713 -0.02688799
1.0233595502 .7871996540 -0.02688778
1.0233595502 .8265596367 -0.02688754
1.0233595502 .8659196194 -0.02688726
1.0233595502 .9052796021 -0.02688698
1.0233595502 .9446395848 -0.02688668
1.0233595502 .9839995675 -0.02688640
1.0233595502 1.0233595502 -0.02688613
1.0233595502 1.0627195329 -0.02688589
1.0233595502 1.1020795156 -0.02688570
1.0233595502 1.1414394983 -0.02688554
1.0233595502 1.1807994810 -0.02688544
1.0233595502 1.2201594637 -0.02688540
1.0233595502 1.2595194464 -0.02688541
1.0233595502 1.2988794291 -0.02688549
1.0233595502 1.3382394118 -0.02688561
1.0233595502 1.3775993945 -0.02688579
1.0233595502 1.4169593772 -0.02688601
1.0233595502 1.4563193599 -0.02688626
1.0233595502 1.4956793426 -0.02688654
1.0233595502 1.5350393253 -0.02688683
1.0233595502 1.5743993080 -0.02688712
1.0233595502 1.6137592907 -0.02688740
1.0233595502 1.6531192734 -0.02688766
1.0233595502 1.6924792561 -0.02688789
1.0233595502 1.7318392388 -0.02688808
1.0233595502 1.7711992215 -0.02688822
1.0233595502 1.8105592042 -0.02688831
1.0233595502 1.8499191869 -0.02688835
1.0233595502 1.8892791696 -0.02688832
1.0233595502 1.9286391523 -0.02688824
1.0233595502 1.9679991350 -0.02688811
1.0627195329 0 -0.02688554
1.0627195329 .0393599827 -0.02688557
1.0627195329 .0787199654 -0.02688566
1.0627195329 .1180799481 -0.02688579
1.0627195329 .1574399308 -0.02688598
1.0627195329 .1967999135 -0.02688620
1.0627195329 .2361598962 -0.02688645
1.0627195329 .2755198789 -0.02688673
1.0627195329 .3148798616 -0.02688701
1.0627195329 .3542398443 -0.02688729
1.0627195329 .3935998270 -0.02688756
1.0627195329 .4329598097 -0.02688780
1.0627195329 .4723197924 -0.02688801
1.0627195329 .5116797751 -0.02688818
1.0627195329 .5510397578 -0.02688830
1.0627195329 .5903997405 -0.02688836
1.0627195329 .6297597232 -0.02688837
1.0627195329 .6691197059 -0.02688832
1.0627195329 .7084796886 -0.02688821
1.0627195329 .7478396713 -0.02688805
1.0627195329 .7871996540 -0.02688785
1.0627195329 .8265596367 -0.02688762
1.0627195329 .8659196194 -0.02688735
1.0627195329 .9052796021 -0.02688707
1.0627195329 .9446395848 -0.02688679
1.0627195329 .9839995675 -0.02688651
1.0627195329 1.0233595502 -0.02688625
1.0627195329 1.0627195329 -0.02688602
1.0627195329 1.1020795156 -0.02688582
1.0627195329 1.1414394983 -0.02688567
1.0627195329 1.1807994810 -0.02688557
1.0627195329 1.2201594637 -0.02688553
1.0627195329 1.2595194464 -0.02688554
1.0627195329 1.2988794291 -0.02688562
1.0627195329 1.3382394118 -0.02688574
1.0627195329 1.3775993945 -0.02688591
1.0627195329 1.4169593772 -0.02688613
1.0627195329 1.4563193599 -0.02688638
1.0627195329 1.4956793426 -0.02688665
1.0627195329 1.5350393253 -0.02688693
1.0627195329 1.5743993080 -0.02688721
1.0627195329 1.6137592907 -0.02688749
1.0627195329 1.6531192734 -0.02688774
1.0627195329 1.6924792561 -0.02688796
1.0627195329 1.7318392388 -0.02688814
1.0627195329 1.7711992215 -0.02688827
1.0627195329 1.8105592042 -0.02688835
1.0627195329 1.8499191869 -0.02688837
1.0627195329 1.8892791696 -0.02688834
1.0627195329 1.9286391523 -0.02688824
1.0627195329 1.9679991350 -0.02688810
1.1020795156 0 -0.02688542
1.1020795156 .0393599827 -0.02688545
1.1020795156 .0787199654 -0.02688553
1.1020795156 .1180799481 -0.02688567
1.1020795156 .1574399308 -0.02688586
1.1020795156 .1967999135 -0.02688609
1.1020795156 .2361598962 -0.02688635
1.1020795156 .2755198789 -0.02688663
1.1020795156 .3148798616 -0.02688692
1.1020795156 .3542398443 -0.02688721
1.1020795156 .3935998270 -0.02688748
1.1020795156 .4329598097 -0.02688774
1.1020795156 .4723197924 -0.02688796
1.1020795156 .5116797751 -0.02688813
1.1020795156 .5510397578 -0.02688826
1.1020795156 .5903997405 -0.02688833
1.1020795156 .6297597232 -0.02688835
1.1020795156 .6691197059 -0.02688831
1.1020795156 .7084796886 -0.02688822
1.1020795156 .7478396713 -0.02688807
1.1020795156 .7871996540 -0.02688788
1.1020795156 .8265596367 -0.02688765
1.1020795156 .8659196194 -0.02688740
1.1020795156 .9052796021 -0.02688712
1.1020795156 .9446395848 -0.02688685
1.1020795156 .9839995675 -0.02688657
1.1020795156 1.0233595502 -0.02688632
1.1020795156 1.0627195329 -0.02688609
1.1020795156 1.1020795156 -0.02688590
1.1020795156 1.1414394983 -0.02688575
1.1020795156 1.1807994810 -0.02688566
1.1020795156 1.2201594637 -0.02688561
1.1020795156 1.2595194464 -0.02688563
1.1020795156 1.2988794291 -0.02688570
1.1020795156 1.3382394118 -0.02688582
1.1020795156 1.3775993945 -0.02688599
1.1020795156 1.4169593772 -0.02688620
1.1020795156 1.4563193599 -0.02688644
1.1020795156 1.4956793426 -0.02688671
1.1020795156 1.5350393253 -0.02688698
1.1020795156 1.5743993080 -0.02688726
1.1020795156 1.6137592907 -0.02688753
1.1020795156 1.6531192734 -0.02688777
1.1020795156 1.6924792561 -0.02688798
1.1020795156 1.7318392388 -0.02688815
1.1020795156 1.7711992215 -0.02688827
1.1020795156 1.8105592042 -0.02688834
1.1020795156 1.8499191869 -0.02688835
1.1020795156 1.8892791696 -0.02688830
1.1020795156 1.9286391523 -0.02688820
1.1020795156 1.9679991350 -0.02688805
1.1414394983 0 -0.02688526
1.1414394983 .0393599827 -0.02688529
1.1414394983 .0787199654 -0.02688537
1.1414394983 .1180799481 -0.02688552
1.1414394983 .1574399308 -0.02688571
1.1414394983 .1967999135 -0.02688594
1.1414394983 .2361598962 -0.02688620
1.1414394983 .2755198789 -0.02688649
1.1414394983 .3148798616 -0.02688679
1.1414394983 .3542398443 -0.02688708
1.1414394983 .3935998270 -0.02688737
1.1414394983 .4329598097 -0.02688763
1.1414394983 .4723197924 -0.02688786
1.1414394983 .5116797751 -0.02688804
1.1414394983 .5510397578 -0.02688818
1.1414394983 .5903997405 -0.02688826
1.1414394983 .6297597232 -0.02688829
1.1414394983 .6691197059 -0.02688826
1.1414394983 .7084796886 -0.02688817
1.1414394983 .7478396713 -0.02688804
1.1414394983 .7871996540 -0.02688785
1.1414394983 .8265596367 -0.02688763
1.1414394983 .8659196194 -0.02688738
1.1414394983 .9052796021 -0.02688712
1.1414394983 .9446395848 -0.02688685
1.1414394983 .9839995675 -0.02688658
1.1414394983 1.0233595502 -0.02688633
1.1414394983 1.0627195329 -0.02688610
1.1414394983 1.1020795156 -0.02688592
1.1414394983 1.1414394983 -0.02688577
1.1414394983 1.1807994810 -0.02688568
1.1414394983 1.2201594637 -0.02688563
1.1414394983 1.2595194464 -0.02688565
1.1414394983 1.2988794291 -0.02688572
1.1414394983 1.3382394118 -0.02688584
1.1414394983 1.3775993945 -0.02688601
1.1414394983 1.4169593772 -0.02688621
1.1414394983 1.4563193599 -0.02688645
1.1414394983 1.4956793426 -0.02688671
1.1414394983 1.5350393253 -0.02688698
1.1414394983 1.5743993080 -0.02688725
1.1414394983 1.6137592907 -0.02688751
1.1414394983 1.6531192734 -0.02688775
1.1414394983 1.6924792561 -0.02688795
1.1414394983 1.7318392388 -0.02688811
1.1414394983 1.7711992215 -0.02688822
1.1414394983 1.8105592042 -0.02688828
1.1414394983 1.8499191869 -0.02688828
1.1414394983 1.8892791696 -0.02688823
1.1414394983 1.9286391523 -0.02688812
1.1414394983 1.9679991350 -0.02688796
1.1807994810 0 -0.02688508
1.1807994810 .0393599827 -0.02688511
1.1807994810 .0787199654 -0.02688520
1.1807994810 .1180799481 -0.02688534
1.1807994810 .1574399308 -0.02688553
1.1807994810 .1967999135 -0.02688577
1.1807994810 .2361598962 -0.02688604
1.1807994810 .2755198789 -0.02688633
1.1807994810 .3148798616 -0.02688663
1.1807994810 .3542398443 -0.02688693
1.1807994810 .3935998270 -0.02688722
1.1807994810 .4329598097 -0.02688749
1.1807994810 .4723197924 -0.02688773
1.1807994810 .5116797751 -0.02688792
1.1807994810 .5510397578 -0.02688806
1.1807994810 .5903997405 -0.02688815
1.1807994810 .6297597232 -0.02688818
1.1807994810 .6691197059 -0.02688816
1.1807994810 .7084796886 -0.02688808
1.1807994810 .7478396713 -0.02688795
1.1807994810 .7871996540 -0.02688777
1.1807994810 .8265596367 -0.02688755
1.1807994810 .8659196194 -0.02688731
1.1807994810 .9052796021 -0.02688705
1.1807994810 .9446395848 -0.02688678
1.1807994810 .9839995675 -0.02688652
1.1807994810 1.0233595502 -0.02688627
1.1807994810 1.0627195329 -0.02688605
1.1807994810 1.1020795156 -0.02688586
1.1807994810 1.1414394983 -0.02688571
1.1807994810 1.1807994810 -0.02688562
1.1807994810 1.2201594637 -0.02688558
1.1807994810 1.2595194464 -0.02688559
1.1807994810 1.2988794291 -0.02688566
1.1807994810 1.3382394118 -0.02688578
1.1807994810 1.3775993945 -0.02688595
1.1807994810 1.4169593772 -0.02688615
1.1807994810 1.4563193599 -0.02688639
1.1807994810 1.4956793426 -0.02688665
1.1807994810 1.5350393253 -0.02688691
1.1807994810 1.5743993080 -0.02688718
1.1807994810 1.6137592907 -0.02688744
1.1807994810 1.6531192734 -0.02688767
1.1807994810 1.6924792561 -0.02688786
1.1807994810 1.7318392388 -0.02688802
1.1807994810 1.7711992215 -0.02688813
1.1807994810 1.8105592042 -0.02688818
1.1807994810 1.8499191869 -0.02688818
1.1807994810 1.8892791696 -0.02688811
1.1807994810 1.9286391523 -0.02688800
1.1807994810 1.9679991350 -0.02688783
1.2201594637 0 -0.02688489
1.2201594637 .0393599827 -0.02688492
1.2201594637 .0787199654 -0.02688501
1.2201594637 .1180799481 -0.02688516
1.2201594637 .1574399308 -0.02688535
1.2201594637 .1967999135 -0.02688559
1.2201594637 .2361598962 -0.02688586
1.2201594637 .2755198789 -0.02688615
1.2201594637 .3148798616 -0.02688646
1.2201594637 .3542398443 -0.02688677
1.2201594637 .3935998270 -0.02688706
1.2201594637 .4329598097 -0.02688733
1.2201594637 .4723197924 -0.02688757
1.2201594637 .5116797751 -0.02688776
1.2201594637 .5510397578 -0.02688791
1.2201594637 .5903997405 -0.02688800
1.2201594637 .6297597232 -0.02688803
1.2201594637 .6691197059 -0.02688801
1.2201594637 .7084796886 -0.02688793
1.2201594637 .7478396713 -0.02688780
1.2201594637 .7871996540 -0.02688763
1.2201594637 .8265596367 -0.02688741
1.2201594637 .8659196194 -0.02688717
1.2201594637 .9052796021 -0.02688691
1.2201594637 .9446395848 -0.02688664
1.2201594637 .9839995675 -0.02688637
1.2201594637 1.0233595502 -0.02688613
1.2201594637 1.0627195329 -0.02688590
1.2201594637 1.1020795156 -0.02688572
1.2201594637 1.1414394983 -0.02688557
1.2201594637 1.1807994810 -0.02688548
1.2201594637 1.2201594637 -0.02688544
1.2201594637 1.2595194464 -0.02688545
1.2201594637 1.2988794291 -0.02688552
1.2201594637 1.3382394118 -0.02688564
1.2201594637 1.3775993945 -0.02688580
1.2201594637 1.4169593772 -0.02688601
1.2201594637 1.4563193599 -0.02688625
1.2201594637 1.4956793426 -0.02688650
1.2201594637 1.5350393253 -0.02688677
1.2201594637 1.5743993080 -0.02688704
1.2201594637 1.6137592907 -0.02688729
1.2201594637 1.6531192734 -0.02688752
1.2201594637 1.6924792561 -0.02688772
1.2201594637 1.7318392388 -0.02688787
1.2201594637 1.7711992215 -0.02688798
1.2201594637 1.8105592042 -0.02688803
1.2201594637 1.8499191869 -0.02688802
1.2201594637 1.8892791696 -0.02688796
1.2201594637 1.9286391523 -0.02688784
1.2201594637 1.9679991350 -0.02688767
1.2595194464 0 -0.02688472
1.2595194464 .0393599827 -0.02688475
1.2595194464 .0787199654 -0.02688484
1.2595194464 .1180799481 -0.02688498
1.2595194464 .1574399308 -0.02688518
1.2595194464 .1967999135 -0.02688542
1.2595194464 .2361598962 -0.02688569
1.2595194464 .2755198789 -0.02688598
1.2595194464 .3148798616 -0.02688628
1.2595194464 .3542398443 -0.02688659
1.2595194464 .3935998270 -0.02688688
1.2595194464 .4329598097 -0.02688715
1.2595194464 .4723197924 -0.02688738
1.2595194464 .5116797751 -0.02688758
1.2595194464 .5510397578 -0.02688772
1.2595194464 .5903997405 -0.02688781
1.2595194464 .6297597232 -0.02688784
1.2595194464 .6691197059 -0.02688782
1.2595194464 .7084796886 -0.02688773
1.2595194464 .7478396713 -0.02688760
1.2595194464 .7871996540 -0.02688742
1.2595194464 .8265596367 -0.02688720
1.2595194464 .8659196194 -0.02688695
1.2595194464 .9052796021 -0.02688668
1.2595194464 .9446395848 -0.02688641
1.2595194464 .9839995675 -0.02688614
1.2595194464 1.0233595502 -0.02688589
1.2595194464 1.0627195329 -0.02688567
1.2595194464 1.1020795156 -0.02688548
1.2595194464 1.1414394983 -0.02688533
1.2595194464 1.1807994810 -0.02688524
1.2595194464 1.2201594637 -0.02688519
1.2595194464 1.2595194464 -0.02688521
1.2595194464 1.2988794291 -0.02688528
1.2595194464 1.3382394118 -0.02688540
1.2595194464 1.3775993945 -0.02688557
1.2595194464 1.4169593772 -0.02688578
1.2595194464 1.4563193599 -0.02688602
1.2595194464 1.4956793426 -0.02688628
1.2595194464 1.5350393253 -0.02688655
1.2595194464 1.5743993080 -0.02688682
1.2595194464 1.6137592907 -0.02688708
1.2595194464 1.6531192734 -0.02688731
1.2595194464 1.6924792561 -0.02688751
1.2595194464 1.7318392388 -0.02688767
1.2595194464 1.7711992215 -0.02688778
1.2595194464 1.8105592042 -0.02688784
1.2595194464 1.8499191869 -0.02688783
1.2595194464 1.8892791696 -0.02688777
1.2595194464 1.9286391523 -0.02688766
1.2595194464 1.9679991350 -0.02688749
1.2988794291 0 -0.02688457
1.2988794291 .0393599827 -0.02688460
1.2988794291 .0787199654 -0.02688468
1.2988794291 .1180799481 -0.02688483
1.2988794291 .1574399308 -0.02688502
1.2988794291 .1967999135 -0.02688525
1.2988794291 .2361598962 -0.02688552
1.2988794291 .2755198789 -0.02688581
1.2988794291 .3148798616 -0.02688611
1.2988794291 .3542398443 -0.02688641
1.2988794291 .3935998270 -0.02688669
1.2988794291 .4329598097 -0.02688696
1.2988794291 .4723197924 -0.02688718
1.2988794291 .5116797751 -0.02688737
1.2988794291 .5510397578 -0.02688750
1.2988794291 .5903997405 -0.02688758
1.2988794291 .6297597232 -0.02688761
1.2988794291 .6691197059 -0.02688757
1.2988794291 .7084796886 -0.02688748
1.2988794291 .7478396713 -0.02688733
1.2988794291 .7871996540 -0.02688714
1.2988794291 .8265596367 -0.02688691
1.2988794291 .8659196194 -0.02688665
1.2988794291 .9052796021 -0.02688638
1.2988794291 .9446395848 -0.02688610
1.2988794291 .9839995675 -0.02688582
1.2988794291 1.0233595502 -0.02688556
1.2988794291 1.0627195329 -0.02688533
1.2988794291 1.1020795156 -0.02688514
1.2988794291 1.1414394983 -0.02688499
1.2988794291 1.1807994810 -0.02688489
1.2988794291 1.2201594637 -0.02688485
1.2988794291 1.2595194464 -0.02688486
1.2988794291 1.2988794291 -0.02688493
1.2988794291 1.3382394118 -0.02688505
1.2988794291 1.3775993945 -0.02688523
1.2988794291 1.4169593772 -0.02688544
1.2988794291 1.4563193599 -0.02688569
1.2988794291 1.4956793426 -0.02688596
1.2988794291 1.5350393253 -0.02688624
1.2988794291 1.5743993080 -0.02688652
1.2988794291 1.6137592907 -0.02688679
1.2988794291 1.6531192734 -0.02688703
1.2988794291 1.6924792561 -0.02688724
1.2988794291 1.7318392388 -0.02688741
1.2988794291 1.7711992215 -0.02688753
1.2988794291 1.8105592042 -0.02688760
1.2988794291 1.8499191869 -0.02688760
1.2988794291 1.8892791696 -0.02688755
1.2988794291 1.9286391523 -0.02688744
1.2988794291 1.9679991350 -0.02688728
1.3382394118 0 -0.02688445
1.3382394118 .0393599827 -0.02688447
1.3382394118 .0787199654 -0.02688456
1.3382394118 .1180799481 -0.02688470
1.3382394118 .1574399308 -0.02688489
1.3382394118 .1967999135 -0.02688512
1.3382394118 .2361598962 -0.02688538
1.3382394118 .2755198789 -0.02688566
1.3382394118 .3148798616 -0.02688595
1.3382394118 .3542398443 -0.02688624
1.3382394118 .3935998270 -0.02688651
1.3382394118 .4329598097 -0.02688676
1.3382394118 .4723197924 -0.02688697
1.3382394118 .5116797751 -0.02688714
1.3382394118 .5510397578 -0.02688726
1.3382394118 .5903997405 -0.02688733
1.3382394118 .6297597232 -0.02688733
1.3382394118 .6691197059 -0.02688728
1.3382394118 .7084796886 -0.02688717
1.3382394118 .7478396713 -0.02688700
1.3382394118 .7871996540 -0.02688680
1.3382394118 .8265596367 -0.02688655
1.3382394118 .8659196194 -0.02688628
1.3382394118 .9052796021 -0.02688599
1.3382394118 .9446395848 -0.02688569
1.3382394118 .9839995675 -0.02688540
1.3382394118 1.0233595502 -0.02688513
1.3382394118 1.0627195329 -0.02688489
1.3382394118 1.1020795156 -0.02688469
1.3382394118 1.1414394983 -0.02688453
1.3382394118 1.1807994810 -0.02688443
1.3382394118 1.2201594637 -0.02688438
1.3382394118 1.2595194464 -0.02688440
1.3382394118 1.2988794291 -0.02688447
1.3382394118 1.3382394118 -0.02688460
1.3382394118 1.3775993945 -0.02688478
1.3382394118 1.4169593772 -0.02688501
1.3382394118 1.4563193599 -0.02688526
1.3382394118 1.4956793426 -0.02688554
1.3382394118 1.5350393253 -0.02688584
1.3382394118 1.5743993080 -0.02688613
1.3382394118 1.6137592907 -0.02688642
1.3382394118 1.6531192734 -0.02688668
1.3382394118 1.6924792561 -0.02688691
1.3382394118 1.7318392388 -0.02688709
1.3382394118 1.7711992215 -0.02688723
1.3382394118 1.8105592042 -0.02688731
1.3382394118 1.8499191869 -0.02688734
1.3382394118 1.8892791696 -0.02688730
1.3382394118 1.9286391523 -0.02688721
1.3382394118 1.9679991350 -0.02688706
1.3775993945 0 -0.02688437
1.3775993945 .0393599827 -0.02688439
1.3775993945 .0787199654 -0.02688448
1.3775993945 .1180799481 -0.02688461
1.3775993945 .1574399308 -0.02688479
1.3775993945 .1967999135 -0.02688501
1.3775993945 .2361598962 -0.02688526
1.3775993945 .2755198789 -0.02688553
1.3775993945 .3148798616 -0.02688581
1.3775993945 .3542398443 -0.02688608
1.3775993945 .3935998270 -0.02688633
1.3775993945 .4329598097 -0.02688656
1.3775993945 .4723197924 -0.02688676
1.3775993945 .5116797751 -0.02688690
1.3775993945 .5510397578 -0.02688700
1.3775993945 .5903997405 -0.02688704
1.3775993945 .6297597232 -0.02688702
1.3775993945 .6691197059 -0.02688694
1.3775993945 .7084796886 -0.02688680
1.3775993945 .7478396713 -0.02688662
1.3775993945 .7871996540 -0.02688638
1.3775993945 .8265596367 -0.02688611
1.3775993945 .8659196194 -0.02688582
1.3775993945 .9052796021 -0.02688550
1.3775993945 .9446395848 -0.02688519
1.3775993945 .9839995675 -0.02688488
1.3775993945 1.0233595502 -0.02688460
1.3775993945 1.0627195329 -0.02688434
1.3775993945 1.1020795156 -0.02688413
1.3775993945 1.1414394983 -0.02688396
1.3775993945 1.1807994810 -0.02688386
1.3775993945 1.2201594637 -0.02688381
1.3775993945 1.2595194464 -0.02688383
1.3775993945 1.2988794291 -0.02688390
1.3775993945 1.3382394118 -0.02688404
1.3775993945 1.3775993945 -0.02688423
1.3775993945 1.4169593772 -0.02688446
1.3775993945 1.4563193599 -0.02688474
1.3775993945 1.4956793426 -0.02688503
1.3775993945 1.5350393253 -0.02688535
1.3775993945 1.5743993080 -0.02688566
1.3775993945 1.6137592907 -0.02688597
1.3775993945 1.6531192734 -0.02688625
1.3775993945 1.6924792561 -0.02688651
1.3775993945 1.7318392388 -0.02688672
1.3775993945 1.7711992215 -0.02688688
1.3775993945 1.8105592042 -0.02688699
1.3775993945 1.8499191869 -0.02688704
1.3775993945 1.8892791696 -0.02688703
1.3775993945 1.9286391523 -0.02688696
1.3775993945 1.9679991350 -0.02688684
1.4169593772 0 -0.02688434
1.4169593772 .0393599827 -0.02688436
1.4169593772 .0787199654 -0.02688444
1.4169593772 .1180799481 -0.02688457
1.4169593772 .1574399308 -0.02688474
1.4169593772 .1967999135 -0.02688495
1.4169593772 .2361598962 -0.02688518
1.4169593772 .2755198789 -0.02688543
1.4169593772 .3148798616 -0.02688569
1.4169593772 .3542398443 -0.02688594
1.4169593772 .3935998270 -0.02688617
1.4169593772 .4329598097 -0.02688637
1.4169593772 .4723197924 -0.02688654
1.4169593772 .5116797751 -0.02688666
1.4169593772 .5510397578 -0.02688672
1.4169593772 .5903997405 -0.02688673
1.4169593772 .6297597232 -0.02688667
1.4169593772 .6691197059 -0.02688656
1.4169593772 .7084796886 -0.02688639
1.4169593772 .7478396713 -0.02688617
1.4169593772 .7871996540 -0.02688591
1.4169593772 .8265596367 -0.02688560
1.4169593772 .8659196194 -0.02688528
1.4169593772 .9052796021 -0.02688494
1.4169593772 .9446395848 -0.02688460
1.4169593772 .9839995675 -0.02688426
1.4169593772 1.0233595502 -0.02688396
1.4169593772 1.0627195329 -0.02688369
1.4169593772 1.1020795156 -0.02688346
1.4169593772 1.1414394983 -0.02688329
1.4169593772 1.1807994810 -0.02688317
1.4169593772 1.2201594637 -0.02688312
1.4169593772 1.2595194464 -0.02688314
1.4169593772 1.2988794291 -0.02688322
1.4169593772 1.3382394118 -0.02688336
1.4169593772 1.3775993945 -0.02688357
1.4169593772 1.4169593772 -0.02688382
1.4169593772 1.4563193599 -0.02688411
1.4169593772 1.4956793426 -0.02688443
1.4169593772 1.5350393253 -0.02688477
1.4169593772 1.5743993080 -0.02688511
1.4169593772 1.6137592907 -0.02688544
1.4169593772 1.6531192734 -0.02688576
1.4169593772 1.6924792561 -0.02688604
1.4169593772 1.7318392388 -0.02688629
1.4169593772 1.7711992215 -0.02688648
1.4169593772 1.8105592042 -0.02688662
1.4169593772 1.8499191869 -0.02688671
1.4169593772 1.8892791696 -0.02688673
1.4169593772 1.9286391523 -0.02688669
1.4169593772 1.9679991350 -0.02688660
1.4563193599 0 -0.02688436
1.4563193599 .0393599827 -0.02688438
1.4563193599 .0787199654 -0.02688446
1.4563193599 .1180799481 -0.02688458
1.4563193599 .1574399308 -0.02688474
1.4563193599 .1967999135 -0.02688493
1.4563193599 .2361598962 -0.02688514
1.4563193599 .2755198789 -0.02688537
1.4563193599 .3148798616 -0.02688560
1.4563193599 .3542398443 -0.02688582
1.4563193599 .3935998270 -0.02688602
1.4563193599 .4329598097 -0.02688619
1.4563193599 .4723197924 -0.02688632
1.4563193599 .5116797751 -0.02688640
1.4563193599 .5510397578 -0.02688643
1.4563193599 .5903997405 -0.02688639
1.4563193599 .6297597232 -0.02688630
1.4563193599 .6691197059 -0.02688614
1.4563193599 .7084796886 -0.02688593
1.4563193599 .7478396713 -0.02688567
1.4563193599 .7871996540 -0.02688537
1.4563193599 .8265596367 -0.02688503
1.4563193599 .8659196194 -0.02688466
1.4563193599 .9052796021 -0.02688429
1.4563193599 .9446395848 -0.02688391
1.4563193599 .9839995675 -0.02688355
1.4563193599 1.0233595502 -0.02688322
1.4563193599 1.0627195329 -0.02688293
1.4563193599 1.1020795156 -0.02688269
1.4563193599 1.1414394983 -0.02688250
1.4563193599 1.1807994810 -0.02688238
1.4563193599 1.2201594637 -0.02688232
1.4563193599 1.2595194464 -0.02688234
1.4563193599 1.2988794291 -0.02688243
1.4563193599 1.3382394118 -0.02688258
1.4563193599 1.3775993945 -0.02688280
1.4563193599 1.4169593772 -0.02688307
1.4563193599 1.4563193599 -0.02688338
1.4563193599 1.4956793426 -0.02688373
1.4563193599 1.5350393253 -0.02688410
1.4563193599 1.5743993080 -0.02688447
1.4563193599 1.6137592907 -0.02688485
1.4563193599 1.6531192734 -0.02688520
1.4563193599 1.6924792561 -0.02688552
1.4563193599 1.7318392388 -0.02688581
1.4563193599 1.7711992215 -0.02688605
1.4563193599 1.8105592042 -0.02688623
1.4563193599 1.8499191869 -0.02688635
1.4563193599 1.8892791696 -0.02688642
1.4563193599 1.9286391523 -0.02688642
1.4563193599 1.9679991350 -0.02688637
1.4956793426 0 -0.02688444
1.4956793426 .0393599827 -0.02688446
1.4956793426 .0787199654 -0.02688453
1.4956793426 .1180799481 -0.02688464
1.4956793426 .1574399308 -0.02688478
1.4956793426 .1967999135 -0.02688495
1.4956793426 .2361598962 -0.02688514
1.4956793426 .2755198789 -0.02688535
1.4956793426 .3148798616 -0.02688554
1.4956793426 .3542398443 -0.02688573
1.4956793426 .3935998270 -0.02688589
1.4956793426 .4329598097 -0.02688602
1.4956793426 .4723197924 -0.02688611
1.4956793426 .5116797751 -0.02688614
1.4956793426 .5510397578 -0.02688612
1.4956793426 .5903997405 -0.02688604
1.4956793426 .6297597232 -0.02688590
1.4956793426 .6691197059 -0.02688569
1.4956793426 .7084796886 -0.02688543
1.4956793426 .7478396713 -0.02688512
1.4956793426 .7871996540 -0.02688477
1.4956793426 .8265596367 -0.02688438
1.4956793426 .8659196194 -0.02688398
1.4956793426 .9052796021 -0.02688356
1.4956793426 .9446395848 -0.02688315
1.4956793426 .9839995675 -0.02688276
1.4956793426 1.0233595502 -0.02688240
1.4956793426 1.0627195329 -0.02688208
1.4956793426 1.1020795156 -0.02688181
1.4956793426 1.1414394983 -0.02688161
1.4956793426 1.1807994810 -0.02688148
1.4956793426 1.2201594637 -0.02688142
1.4956793426 1.2595194464 -0.02688144
1.4956793426 1.2988794291 -0.02688154
1.4956793426 1.3382394118 -0.02688170
1.4956793426 1.3775993945 -0.02688194
1.4956793426 1.4169593772 -0.02688223
1.4956793426 1.4563193599 -0.02688257
1.4956793426 1.4956793426 -0.02688295
1.4956793426 1.5350393253 -0.02688335
1.4956793426 1.5743993080 -0.02688377
1.4956793426 1.6137592907 -0.02688418
1.4956793426 1.6531192734 -0.02688458
1.4956793426 1.6924792561 -0.02688495
1.4956793426 1.7318392388 -0.02688528
1.4956793426 1.7711992215 -0.02688557
1.4956793426 1.8105592042 -0.02688580
1.4956793426 1.8499191869 -0.02688598
1.4956793426 1.8892791696 -0.02688609
1.4956793426 1.9286391523 -0.02688614
1.4956793426 1.9679991350 -0.02688613
1.5350393253 0 -0.02688457
1.5350393253 .0393599827 -0.02688459
1.5350393253 .0787199654 -0.02688465
1.5350393253 .1180799481 -0.02688475
1.5350393253 .1574399308 -0.02688487
1.5350393253 .1967999135 -0.02688502
1.5350393253 .2361598962 -0.02688519
1.5350393253 .2755198789 -0.02688536
1.5350393253 .3148798616 -0.02688552
1.5350393253 .3542398443 -0.02688567
1.5350393253 .3935998270 -0.02688579
1.5350393253 .4329598097 -0.02688587
1.5350393253 .4723197924 -0.02688591
1.5350393253 .5116797751 -0.02688589
1.5350393253 .5510397578 -0.02688581
1.5350393253 .5903997405 -0.02688568
1.5350393253 .6297597232 -0.02688548
1.5350393253 .6691197059 -0.02688522
1.5350393253 .7084796886 -0.02688490
1.5350393253 .7478396713 -0.02688453
1.5350393253 .7871996540 -0.02688412
1.5350393253 .8265596367 -0.02688369
1.5350393253 .8659196194 -0.02688323
1.5350393253 .9052796021 -0.02688277
1.5350393253 .9446395848 -0.02688231
1.5350393253 .9839995675 -0.02688188
1.5350393253 1.0233595502 -0.02688149
1.5350393253 1.0627195329 -0.02688114
1.5350393253 1.1020795156 -0.02688085
1.5350393253 1.1414394983 -0.02688064
1.5350393253 1.1807994810 -0.02688049
1.5350393253 1.2201594637 -0.02688043
1.5350393253 1.2595194464 -0.02688045
1.5350393253 1.2988794291 -0.02688056
1.5350393253 1.3382394118 -0.02688074
1.5350393253 1.3775993945 -0.02688099
1.5350393253 1.4169593772 -0.02688131
1.5350393253 1.4563193599 -0.02688168
1.5350393253 1.4956793426 -0.02688209
1.5350393253 1.5350393253 -0.02688254
1.5350393253 1.5743993080 -0.02688300
1.5350393253 1.6137592907 -0.02688346
1.5350393253 1.6531192734 -0.02688391
1.5350393253 1.6924792561 -0.02688433
1.5350393253 1.7318392388 -0.02688472
1.5350393253 1.7711992215 -0.02688506
1.5350393253 1.8105592042 -0.02688535
1.5350393253 1.8499191869 -0.02688558
1.5350393253 1.8892791696 -0.02688575
1.5350393253 1.9286391523 -0.02688586
1.5350393253 1.9679991350 -0.02688591
1.5743993080 0 -0.02688476
1.5743993080 .0393599827 -0.02688477
1.5743993080 .0787199654 -0.02688482
1.5743993080 .1180799481 -0.02688491
1.5743993080 .1574399308 -0.02688501
1.5743993080 .1967999135 -0.02688514
1.5743993080 .2361598962 -0.02688527
1.5743993080 .2755198789 -0.02688541
1.5743993080 .3148798616 -0.02688553
1.5743993080 .3542398443 -0.02688563
1.5743993080 .3935998270 -0.02688571
1.5743993080 .4329598097 -0.02688574
1.5743993080 .4723197924 -0.02688572
1.5743993080 .5116797751 -0.02688564
1.5743993080 .5510397578 -0.02688550
1.5743993080 .5903997405 -0.02688530
1.5743993080 .6297597232 -0.02688504
1.5743993080 .6691197059 -0.02688472
1.5743993080 .7084796886 -0.02688434
1.5743993080 .7478396713 -0.02688391
1.5743993080 .7871996540 -0.02688344
1.5743993080 .8265596367 -0.02688294
1.5743993080 .8659196194 -0.02688243
1.5743993080 .9052796021 -0.02688192
1.5743993080 .9446395848 -0.02688142
1.5743993080 .9839995675 -0.02688094
1.5743993080 1.0233595502 -0.02688051
1.5743993080 1.0627195329 -0.02688013
1.5743993080 1.1020795156 -0.02687982
1.5743993080 1.1414394983 -0.02687958
1.5743993080 1.1807994810 -0.02687943
1.5743993080 1.2201594637 -0.02687936
1.5743993080 1.2595194464 -0.02687938
1.5743993080 1.2988794291 -0.02687950
1.5743993080 1.3382394118 -0.02687969
1.5743993080 1.3775993945 -0.02687997
1.5743993080 1.4169593772 -0.02688031
1.5743993080 1.4563193599 -0.02688072
1.5743993080 1.4956793426 -0.02688117
1.5743993080 1.5350393253 -0.02688166
1.5743993080 1.5743993080 -0.02688217
1.5743993080 1.6137592907 -0.02688269
1.5743993080 1.6531192734 -0.02688319
1.5743993080 1.6924792561 -0.02688368
1.5743993080 1.7318392388 -0.02688413
1.5743993080 1.7711992215 -0.02688453
1.5743993080 1.8105592042 -0.02688489
1.5743993080 1.8499191869 -0.02688518
1.5743993080 1.8892791696 -0.02688541
1.5743993080 1.9286391523 -0.02688558
1.5743993080 1.9679991350 -0.02688569
1.6137592907 0 -0.02688499
1.6137592907 .0393599827 -0.02688500
1.6137592907 .0787199654 -0.02688505
1.6137592907 .1180799481 -0.02688511
1.6137592907 .1574399308 -0.02688520
1.6137592907 .1967999135 -0.02688530
1.6137592907 .2361598962 -0.02688540
1.6137592907 .2755198789 -0.02688549
1.6137592907 .3148798616 -0.02688557
1.6137592907 .3542398443 -0.02688563
1.6137592907 .3935998270 -0.02688564
1.6137592907 .4329598097 -0.02688562
1.6137592907 .4723197924 -0.02688554
1.6137592907 .5116797751 -0.02688540
1.6137592907 .5510397578 -0.02688520
1.6137592907 .5903997405 -0.02688493
1.6137592907 .6297597232 -0.02688460
1.6137592907 .6691197059 -0.02688420
1.6137592907 .7084796886 -0.02688375
1.6137592907 .7478396713 -0.02688326
1.6137592907 .7871996540 -0.02688272
1.6137592907 .8265596367 -0.02688216
1.6137592907 .8659196194 -0.02688159
1.6137592907 .9052796021 -0.02688102
1.6137592907 .9446395848 -0.02688047
1.6137592907 .9839995675 -0.02687995
1.6137592907 1.0233595502 -0.02687948
1.6137592907 1.0627195329 -0.02687907
1.6137592907 1.1020795156 -0.02687873
1.6137592907 1.1414394983 -0.02687847
1.6137592907 1.1807994810 -0.02687830
1.6137592907 1.2201594637 -0.02687823
1.6137592907 1.2595194464 -0.02687825
1.6137592907 1.2988794291 -0.02687837
1.6137592907 1.3382394118 -0.02687859
1.6137592907 1.3775993945 -0.02687889
1.6137592907 1.4169593772 -0.02687926
1.6137592907 1.4563193599 -0.02687971
1.6137592907 1.4956793426 -0.02688020
1.6137592907 1.5350393253 -0.02688074
1.6137592907 1.5743993080 -0.02688130
1.6137592907 1.6137592907 -0.02688188
1.6137592907 1.6531192734 -0.02688244
1.6137592907 1.6924792561 -0.02688299
1.6137592907 1.7318392388 -0.02688351
1.6137592907 1.7711992215 -0.02688398
1.6137592907 1.8105592042 -0.02688441
1.6137592907 1.8499191869 -0.02688477
1.6137592907 1.8892791696 -0.02688507
1.6137592907 1.9286391523 -0.02688530
1.6137592907 1.9679991350 -0.02688548
1.6531192734 0 -0.02688527
1.6531192734 .0393599827 -0.02688528
1.6531192734 .0787199654 -0.02688531
1.6531192734 .1180799481 -0.02688536
1.6531192734 .1574399308 -0.02688542
1.6531192734 .1967999135 -0.02688549
1.6531192734 .2361598962 -0.02688556
1.6531192734 .2755198789 -0.02688561
1.6531192734 .3148798616 -0.02688564
1.6531192734 .3542398443 -0.02688565
1.6531192734 .3935998270 -0.02688561
1.6531192734 .4329598097 -0.02688552
1.6531192734 .4723197924 -0.02688537
1.6531192734 .5116797751 -0.02688517
1.6531192734 .5510397578 -0.02688489
1.6531192734 .5903997405 -0.02688455
1.6531192734 .6297597232 -0.02688415
1.6531192734 .6691197059 -0.02688368
1.6531192734 .7084796886 -0.02688316
1.6531192734 .7478396713 -0.02688259
1.6531192734 .7871996540 -0.02688199
1.6531192734 .8265596367 -0.02688136
1.6531192734 .8659196194 -0.02688072
1.6531192734 .9052796021 -0.02688010
1.6531192734 .9446395848 -0.02687949
1.6531192734 .9839995675 -0.02687892
1.6531192734 1.0233595502 -0.02687841
1.6531192734 1.0627195329 -0.02687796
1.6531192734 1.1020795156 -0.02687759
1.6531192734 1.1414394983 -0.02687731
1.6531192734 1.1807994810 -0.02687713
1.6531192734 1.2201594637 -0.02687705
1.6531192734 1.2595194464 -0.02687708
1.6531192734 1.2988794291 -0.02687721
1.6531192734 1.3382394118 -0.02687744
1.6531192734 1.3775993945 -0.02687777
1.6531192734 1.4169593772 -0.02687817
1.6531192734 1.4563193599 -0.02687866
1.6531192734 1.4956793426 -0.02687920
1.6531192734 1.5350393253 -0.02687979
1.6531192734 1.5743993080 -0.02688041
1.6531192734 1.6137592907 -0.02688104
1.6531192734 1.6531192734 -0.02688167
1.6531192734 1.6924792561 -0.02688229
1.6531192734 1.7318392388 -0.02688288
1.6531192734 1.7711992215 -0.02688343
1.6531192734 1.8105592042 -0.02688392
1.6531192734 1.8499191869 -0.02688436
1.6531192734 1.8892791696 -0.02688473
1.6531192734 1.9286391523 -0.02688504
1.6531192734 1.9679991350 -0.02688528
1.6924792561 0 -0.02688558
1.6924792561 .0393599827 -0.02688558
1.6924792561 .0787199654 -0.02688561
1.6924792561 .1180799481 -0.02688564
1.6924792561 .1574399308 -0.02688568
1.6924792561 .1967999135 -0.02688571
1.6924792561 .2361598962 -0.02688574
1.6924792561 .2755198789 -0.02688575
1.6924792561 .3148798616 -0.02688574
1.6924792561 .3542398443 -0.02688569
1.6924792561 .3935998270 -0.02688559
1.6924792561 .4329598097 -0.02688544
1.6924792561 .4723197924 -0.02688522
1.6924792561 .5116797751 -0.02688495
1.6924792561 .5510397578 -0.02688460
1.6924792561 .5903997405 -0.02688418
1.6924792561 .6297597232 -0.02688370
1.6924792561 .6691197059 -0.02688316
1.6924792561 .7084796886 -0.02688256
1.6924792561 .7478396713 -0.02688192
1.6924792561 .7871996540 -0.02688124
1.6924792561 .8265596367 -0.02688055
1.6924792561 .8659196194 -0.02687984
1.6924792561 .9052796021 -0.02687916
1.6924792561 .9446395848 -0.02687849
1.6924792561 .9839995675 -0.02687788
1.6924792561 1.0233595502 -0.02687732
1.6924792561 1.0627195329 -0.02687683
1.6924792561 1.1020795156 -0.02687644
1.6924792561 1.1414394983 -0.02687614
1.6924792561 1.1807994810 -0.02687594
1.6924792561 1.2201594637 -0.02687586
1.6924792561 1.2595194464 -0.02687588
1.6924792561 1.2988794291 -0.02687602
1.6924792561 1.3382394118 -0.02687627
1.6924792561 1.3775993945 -0.02687662
1.6924792561 1.4169593772 -0.02687707
1.6924792561 1.4563193599 -0.02687759
1.6924792561 1.4956793426 -0.02687818
1.6924792561 1.5350393253 -0.02687882
1.6924792561 1.5743993080 -0.02687950
1.6924792561 1.6137592907 -0.02688019
1.6924792561 1.6531192734 -0.02688090
1.6924792561 1.6924792561 -0.02688158
1.6924792561 1.7318392388 -0.02688224
1.6924792561 1.7711992215 -0.02688287
1.6924792561 1.8105592042 -0.02688344
1.6924792561 1.8499191869 -0.02688395
1.6924792561 1.8892791696 -0.02688440
1.6924792561 1.9286391523 -0.02688478
1.6924792561 1.9679991350 -0.02688509
1.7318392388 0 -0.02688591
1.7318392388 .0393599827 -0.02688592
1.7318392388 .0787199654 -0.02688593
1.7318392388 .1180799481 -0.02688594
1.7318392388 .1574399308 -0.02688596
1.7318392388 .1967999135 -0.02688596
1.7318392388 .2361598962 -0.02688595
1.7318392388 .2755198789 -0.02688592
1.7318392388 .3148798616 -0.02688585
1.7318392388 .3542398443 -0.02688575
1.7318392388 .3935998270 -0.02688559
1.7318392388 .4329598097 -0.02688537
1.7318392388 .4723197924 -0.02688509
1.7318392388 .5116797751 -0.02688474
1.7318392388 .5510397578 -0.02688432
1.7318392388 .5903997405 -0.02688383
1.7318392388 .6297597232 -0.02688327
1.7318392388 .6691197059 -0.02688265
1.7318392388 .7084796886 -0.02688197
1.7318392388 .7478396713 -0.02688125
1.7318392388 .7871996540 -0.02688050
1.7318392388 .8265596367 -0.02687974
1.7318392388 .8659196194 -0.02687897
1.7318392388 .9052796021 -0.02687822
1.7318392388 .9446395848 -0.02687750
1.7318392388 .9839995675 -0.02687683
1.7318392388 1.0233595502 -0.02687623
1.7318392388 1.0627195329 -0.02687571
1.7318392388 1.1020795156 -0.02687528
1.7318392388 1.1414394983 -0.02687496
1.7318392388 1.1807994810 -0.02687475
1.7318392388 1.2201594637 -0.02687466
1.7318392388 1.2595194464 -0.02687469
1.7318392388 1.2988794291 -0.02687484
1.7318392388 1.3382394118 -0.02687510
1.7318392388 1.3775993945 -0.02687548
1.7318392388 1.4169593772 -0.02687596
1.7318392388 1.4563193599 -0.02687652
1.7318392388 1.4956793426 -0.02687716
1.7318392388 1.5350393253 -0.02687785
1.7318392388 1.5743993080 -0.02687859
1.7318392388 1.6137592907 -0.02687935
1.7318392388 1.6531192734 -0.02688012
1.7318392388 1.6924792561 -0.02688088
1.7318392388 1.7318392388 -0.02688162
1.7318392388 1.7711992215 -0.02688232
1.7318392388 1.8105592042 -0.02688297
1.7318392388 1.8499191869 -0.02688356
1.7318392388 1.8892791696 -0.02688408
1.7318392388 1.9286391523 -0.02688454
1.7318392388 1.9679991350 -0.02688492
1.7711992215 0 -0.02688626
1.7711992215 .0393599827 -0.02688626
1.7711992215 .0787199654 -0.02688626
1.7711992215 .1180799481 -0.02688626
1.7711992215 .1574399308 -0.02688625
1.7711992215 .1967999135 -0.02688622
1.7711992215 .2361598962 -0.02688618
1.7711992215 .2755198789 -0.02688610
1.7711992215 .3148798616 -0.02688598
1.7711992215 .3542398443 -0.02688582
1.7711992215 .3935998270 -0.02688560
1.7711992215 .4329598097 -0.02688532
1.7711992215 .4723197924 -0.02688497
1.7711992215 .5116797751 -0.02688455
1.7711992215 .5510397578 -0.02688405
1.7711992215 .5903997405 -0.02688349
1.7711992215 .6297597232 -0.02688285
1.7711992215 .6691197059 -0.02688215
1.7711992215 .7084796886 -0.02688140
1.7711992215 .7478396713 -0.02688061
1.7711992215 .7871996540 -0.02687978
1.7711992215 .8265596367 -0.02687895
1.7711992215 .8659196194 -0.02687811
1.7711992215 .9052796021 -0.02687730
1.7711992215 .9446395848 -0.02687652
1.7711992215 .9839995675 -0.02687581
1.7711992215 1.0233595502 -0.02687516
1.7711992215 1.0627195329 -0.02687460
1.7711992215 1.1020795156 -0.02687414
1.7711992215 1.1414394983 -0.02687380
1.7711992215 1.1807994810 -0.02687357
1.7711992215 1.2201594637 -0.02687348
1.7711992215 1.2595194464 -0.02687351
1.7711992215 1.2988794291 -0.02687367
1.7711992215 1.3382394118 -0.02687396
1.7711992215 1.3775993945 -0.02687436
1.7711992215 1.4169593772 -0.02687487
1.7711992215 1.4563193599 -0.02687547
1.7711992215 1.4956793426 -0.02687616
1.7711992215 1.5350393253 -0.02687691
1.7711992215 1.5743993080 -0.02687770
1.7711992215 1.6137592907 -0.02687853
1.7711992215 1.6531192734 -0.02687937
1.7711992215 1.6924792561 -0.02688020
1.7711992215 1.7318392388 -0.02688101
1.7711992215 1.7711992215 -0.02688178
1.7711992215 1.8105592042 -0.02688251
1.7711992215 1.8499191869 -0.02688318
1.7711992215 1.8892791696 -0.02688378
1.7711992215 1.9286391523 -0.02688431
1.7711992215 1.9679991350 -0.02688477
1.8105592042 0 -0.02688662
1.8105592042 .0393599827 -0.02688661
1.8105592042 .0787199654 -0.02688660
1.8105592042 .1180799481 -0.02688658
1.8105592042 .1574399308 -0.02688655
1.8105592042 .1967999135 -0.02688649
1.8105592042 .2361598962 -0.02688641
1.8105592042 .2755198789 -0.02688629
1.8105592042 .3148798616 -0.02688612
1.8105592042 .3542398443 -0.02688591
1.8105592042 .3935998270 -0.02688563
1.8105592042 .4329598097 -0.02688528
1.8105592042 .4723197924 -0.02688487
1.8105592042 .5116797751 -0.02688437
1.8105592042 .5510397578 -0.02688381
1.8105592042 .5903997405 -0.02688317
1.8105592042 .6297597232 -0.02688245
1.8105592042 .6691197059 -0.02688168
1.8105592042 .7084796886 -0.02688085
1.8105592042 .7478396713 -0.02687999
1.8105592042 .7871996540 -0.02687909
1.8105592042 .8265596367 -0.02687819
1.8105592042 .8659196194 -0.02687729
1.8105592042 .9052796021 -0.02687642
1.8105592042 .9446395848 -0.02687559
1.8105592042 .9839995675 -0.02687482
1.8105592042 1.0233595502 -0.02687413
1.8105592042 1.0627195329 -0.02687354
1.8105592042 1.1020795156 -0.02687305
1.8105592042 1.1414394983 -0.02687268
1.8105592042 1.1807994810 -0.02687245
1.8105592042 1.2201594637 -0.02687234
1.8105592042 1.2595194464 -0.02687238
1.8105592042 1.2988794291 -0.02687255
1.8105592042 1.3382394118 -0.02687285
1.8105592042 1.3775993945 -0.02687328
1.8105592042 1.4169593772 -0.02687382
1.8105592042 1.4563193599 -0.02687446
1.8105592042 1.4956793426 -0.02687520
1.8105592042 1.5350393253 -0.02687600
1.8105592042 1.5743993080 -0.02687685
1.8105592042 1.6137592907 -0.02687774
1.8105592042 1.6531192734 -0.02687864
1.8105592042 1.6924792561 -0.02687954
1.8105592042 1.7318392388 -0.02688043
1.8105592042 1.7711992215 -0.02688127
1.8105592042 1.8105592042 -0.02688208
1.8105592042 1.8499191869 -0.02688282
1.8105592042 1.8892791696 -0.02688350
1.8105592042 1.9286391523 -0.02688410
1.8105592042 1.9679991350 -0.02688463
1.8499191869 0 -0.02688696
1.8499191869 .0393599827 -0.02688696
1.8499191869 .0787199654 -0.02688694
1.8499191869 .1180799481 -0.02688690
1.8499191869 .1574399308 -0.02688684
1.8499191869 .1967999135 -0.02688676
1.8499191869 .2361598962 -0.02688664
1.8499191869 .2755198789 -0.02688648
1.8499191869 .3148798616 -0.02688627
1.8499191869 .3542398443 -0.02688600
1.8499191869 .3935998270 -0.02688566
1.8499191869 .4329598097 -0.02688526
1.8499191869 .4723197924 -0.02688478
1.8499191869 .5116797751 -0.02688422
1.8499191869 .5510397578 -0.02688358
1.8499191869 .5903997405 -0.02688287
1.8499191869 .6297597232 -0.02688209
1.8499191869 .6691197059 -0.02688124
1.8499191869 .7084796886 -0.02688035
1.8499191869 .7478396713 -0.02687941
1.8499191869 .7871996540 -0.02687845
1.8499191869 .8265596367 -0.02687748
1.8499191869 .8659196194 -0.02687652
1.8499191869 .9052796021 -0.02687559
1.8499191869 .9446395848 -0.02687471
1.8499191869 .9839995675 -0.02687389
1.8499191869 1.0233595502 -0.02687316
1.8499191869 1.0627195329 -0.02687254
1.8499191869 1.1020795156 -0.02687202
1.8499191869 1.1414394983 -0.02687163
1.8499191869 1.1807994810 -0.02687138
1.8499191869 1.2201594637 -0.02687128
1.8499191869 1.2595194464 -0.02687131
1.8499191869 1.2988794291 -0.02687149
1.8499191869 1.3382394118 -0.02687181
1.8499191869 1.3775993945 -0.02687226
1.8499191869 1.4169593772 -0.02687284
1.8499191869 1.4563193599 -0.02687352
1.8499191869 1.4956793426 -0.02687429
1.8499191869 1.5350393253 -0.02687514
1.8499191869 1.5743993080 -0.02687605
1.8499191869 1.6137592907 -0.02687700
1.8499191869 1.6531192734 -0.02687796
1.8499191869 1.6924792561 -0.02687893
1.8499191869 1.7318392388 -0.02687988
1.8499191869 1.7711992215 -0.02688080
1.8499191869 1.8105592042 -0.02688167
1.8499191869 1.8499191869 -0.02688249
1.8499191869 1.8892791696 -0.02688324
1.8499191869 1.9286391523 -0.02688391
1.8499191869 1.9679991350 -0.02688451
1.8892791696 0 -0.02688729
1.8892791696 .0393599827 -0.02688728
1.8892791696 .0787199654 -0.02688725
1.8892791696 .1180799481 -0.02688720
1.8892791696 .1574399308 -0.02688712
1.8892791696 .1967999135 -0.02688701
1.8892791696 .2361598962 -0.02688686
1.8892791696 .2755198789 -0.02688666
1.8892791696 .3148798616 -0.02688640
1.8892791696 .3542398443 -0.02688609
1.8892791696 .3935998270 -0.02688570
1.8892791696 .4329598097 -0.02688524
1.8892791696 .4723197924 -0.02688470
1.8892791696 .5116797751 -0.02688408
1.8892791696 .5510397578 -0.02688338
1.8892791696 .5903997405 -0.02688261
1.8892791696 .6297597232 -0.02688176
1.8892791696 .6691197059 -0.02688085
1.8892791696 .7084796886 -0.02687988
1.8892791696 .7478396713 -0.02687888
1.8892791696 .7871996540 -0.02687786
1.8892791696 .8265596367 -0.02687683
1.8892791696 .8659196194 -0.02687582
1.8892791696 .9052796021 -0.02687483
1.8892791696 .9446395848 -0.02687390
1.8892791696 .9839995675 -0.02687305
1.8892791696 1.0233595502 -0.02687228
1.8892791696 1.0627195329 -0.02687162
1.8892791696 1.1020795156 -0.02687108
1.8892791696 1.1414394983 -0.02687067
1.8892791696 1.1807994810 -0.02687041
1.8892791696 1.2201594637 -0.02687030
1.8892791696 1.2595194464 -0.02687034
1.8892791696 1.2988794291 -0.02687052
1.8892791696 1.3382394118 -0.02687086
1.8892791696 1.3775993945 -0.02687133
1.8892791696 1.4169593772 -0.02687193
1.8892791696 1.4563193599 -0.02687265
1.8892791696 1.4956793426 -0.02687346
1.8892791696 1.5350393253 -0.02687436
1.8892791696 1.5743993080 -0.02687532
1.8892791696 1.6137592907 -0.02687632
1.8892791696 1.6531192734 -0.02687734
1.8892791696 1.6924792561 -0.02687837
1.8892791696 1.7318392388 -0.02687939
1.8892791696 1.7711992215 -0.02688037
1.8892791696 1.8105592042 -0.02688131
1.8892791696 1.8499191869 -0.02688219
1.8892791696 1.8892791696 -0.02688300
1.8892791696 1.9286391523 -0.02688374
1.8892791696 1.9679991350 -0.02688440
1.9286391523 0 -0.02688759
1.9286391523 .0393599827 -0.02688758
1.9286391523 .0787199654 -0.02688754
1.9286391523 .1180799481 -0.02688748
1.9286391523 .1574399308 -0.02688738
1.9286391523 .1967999135 -0.02688724
1.9286391523 .2361598962 -0.02688706
1.9286391523 .2755198789 -0.02688683
1.9286391523 .3148798616 -0.02688653
1.9286391523 .3542398443 -0.02688618
1.9286391523 .3935998270 -0.02688574
1.9286391523 .4329598097 -0.02688523
1.9286391523 .4723197924 -0.02688464
1.9286391523 .5116797751 -0.02688397
1.9286391523 .5510397578 -0.02688321
1.9286391523 .5903997405 -0.02688237
1.9286391523 .6297597232 -0.02688147
1.9286391523 .6691197059 -0.02688050
1.9286391523 .7084796886 -0.02687947
1.9286391523 .7478396713 -0.02687842
1.9286391523 .7871996540 -0.02687734
1.9286391523 .8265596367 -0.02687626
1.9286391523 .8659196194 -0.02687519
1.9286391523 .9052796021 -0.02687416
1.9286391523 .9446395848 -0.02687319
1.9286391523 .9839995675 -0.02687229
1.9286391523 1.0233595502 -0.02687149
1.9286391523 1.0627195329 -0.02687080
1.9286391523 1.1020795156 -0.02687024
1.9286391523 1.1414394983 -0.02686982
1.9286391523 1.1807994810 -0.02686955
1.9286391523 1.2201594637 -0.02686943
1.9286391523 1.2595194464 -0.02686947
1.9286391523 1.2988794291 -0.02686966
1.9286391523 1.3382394118 -0.02687001
1.9286391523 1.3775993945 -0.02687051
1.9286391523 1.4169593772 -0.02687113
1.9286391523 1.4563193599 -0.02687188
1.9286391523 1.4956793426 -0.02687273
1.9286391523 1.5350393253 -0.02687367
1.9286391523 1.5743993080 -0.02687467
1.9286391523 1.6137592907 -0.02687572
1.9286391523 1.6531192734 -0.02687680
1.9286391523 1.6924792561 -0.02687788
1.9286391523 1.7318392388 -0.02687895
1.9286391523 1.7711992215 -0.02687999
1.9286391523 1.8105592042 -0.02688099
1.9286391523 1.8499191869 -0.02688193
1.9286391523 1.8892791696 -0.02688280
1.9286391523 1.9286391523 -0.02688360
1.9286391523 1.9679991350 -0.02688431
1.9679991350 0 -0.02688785
1.9679991350 .0393599827 -0.02688784
1.9679991350 .0787199654 -0.02688779
1.9679991350 .1180799481 -0.02688772
1.9679991350 .1574399308 -0.02688760
1.9679991350 .1967999135 -0.02688744
1.9679991350 .2361598962 -0.02688724
1.9679991350 .2755198789 -0.02688698
1.9679991350 .3148798616 -0.02688665
1.9679991350 .3542398443 -0.02688625
1.9679991350 .3935998270 -0.02688578
1.9679991350 .4329598097 -0.02688523
1.9679991350 .4723197924 -0.02688459
1.9679991350 .5116797751 -0.02688387
1.9679991350 .5510397578 -0.02688306
1.9679991350 .5903997405 -0.02688218
1.9679991350 .6297597232 -0.02688122
1.9679991350 .6691197059 -0.02688020
1.9679991350 .7084796886 -0.02687913
1.9679991350 .7478396713 -0.02687802
1.9679991350 .7871996540 -0.02687689
1.9679991350 .8265596367 -0.02687576
1.9679991350 .8659196194 -0.02687466
1.9679991350 .9052796021 -0.02687359
1.9679991350 .9446395848 -0.02687258
1.9679991350 .9839995675 -0.02687165
1.9679991350 1.0233595502 -0.02687082
1.9679991350 1.0627195329 -0.02687011
1.9679991350 1.1020795156 -0.02686953
1.9679991350 1.1414394983 -0.02686909
1.9679991350 1.1807994810 -0.02686881
1.9679991350 1.2201594637 -0.02686869
1.9679991350 1.2595194464 -0.02686873
1.9679991350 1.2988794291 -0.02686893
1.9679991350 1.3382394118 -0.02686929
1.9679991350 1.3775993945 -0.02686980
1.9679991350 1.4169593772 -0.02687045
1.9679991350 1.4563193599 -0.02687122
1.9679991350 1.4956793426 -0.02687210
1.9679991350 1.5350393253 -0.02687307
1.9679991350 1.5743993080 -0.02687412
1.9679991350 1.6137592907 -0.02687521
1.9679991350 1.6531192734 -0.02687633
1.9679991350 1.6924792561 -0.02687746
1.9679991350 1.7318392388 -0.02687858
1.9679991350 1.7711992215 -0.02687967
1.9679991350 1.8105592042 -0.02688072
1.9679991350 1.8499191869 -0.02688171
1.9679991350 1.8892791696 -0.02688263
1.9679991350 1.9286391523 -0.02688348
1.9679991350 1.9679991350 -0.02688424
